          10          10          10
  1.00000000000000008E-005
  1.00000000000000008E-005
  2.32315523212032506E-003
  1.00000000000000008E-005
  1.00000000000000008E-005
  1.00000000000000008E-005
  1.00000000000000008E-005
  2.32315619635544476E-003
  1.00000000000000008E-005
  1.00000000000000008E-005
  1.00000000000000008E-005
  1.00000000000000008E-005
  3.27363377679992860E-005
  1.00000000000000008E-005
  1.00000000000000008E-005
  1.00000000000000008E-005
  1.00000000000000008E-005
  3.27363434312914140E-005
  1.00000000000000008E-005
  1.00000000000000008E-005
  1.00000000000000008E-005
  1.00000000000000008E-005
  1.02126356237354967E-002
  2.36340234440334390E-002
  2.13003860120480068E-003
  1.00000000000000008E-005
  1.00000000000000008E-005
  1.02126335126177126E-002
  2.36340275266126790E-002
  2.13004493387097078E-003
  1.00000000000000008E-005
  1.00000000000000008E-005
  3.27549754506907599E-005
  1.00000000000000008E-005
  1.00000000000000008E-005
  1.00000000000000008E-005
  1.00000000000000008E-005
  3.27549811042649128E-005
  1.00000000000000008E-005
  1.00000000000000008E-005
  1.00000000000000008E-005
  1.00000000000000008E-005
  2.32575723459819885E-003
  1.00000000000000008E-005
  1.00000000000000008E-005
  1.00000000000000008E-005
  1.00000000000000008E-005
  2.32575820065135429E-003
  1.00000000000000008E-005
  1.00000000000000008E-005
  1.00000000000000008E-005
  1.00000000000000008E-005
  1.67160873162483796E-004
  1.00000000000000008E-005
  1.00000000000000008E-005
  1.00000000000000008E-005
  1.00000000000000008E-005
  1.67160062016242584E-004
  1.00000000000000008E-005
  1.00000000000000008E-005
  1.00000000000000008E-005
  1.00000000000000008E-005
  2.75868209279752730E-004
  1.00000000000000008E-005
  1.00000000000000008E-005
  1.00000000000000008E-005
  1.00000000000000008E-005
  2.75868407016798976E-004
  1.00000000000000008E-005
  1.00000000000000008E-005
  1.00000000000000008E-005
  2.64865224942884524E-003
  1.59104801568069956E-002
  1.00000000000000008E-005
  1.00000000000000008E-005
  1.00000000000000008E-005
  2.64865824873692680E-003
  1.59104830283638803E-002
  1.00000000000000008E-005
  1.00000000000000008E-005
  1.00000000000000008E-005
  1.00000000000000008E-005
  2.75896696324728051E-004
  1.00000000000000008E-005
  1.00000000000000008E-005
  1.00000000000000008E-005
  1.00000000000000008E-005
  2.75896894089449750E-004
  1.00000000000000008E-005
  1.00000000000000008E-005
  1.00000000000000008E-005
  1.00000000000000008E-005
  1.67024361843267282E-004
  1.00000000000000008E-005
  1.00000000000000008E-005
  1.00000000000000008E-005
  1.00000000000000008E-005
  1.67023551217437664E-004
  1.00000000000000008E-005
  1.00000000000000008E-005
  1.00000000000000008E-005
  1.00000000000000008E-005
  1.00000000000000008E-005
  1.00000000000000008E-005
  1.00000000000000008E-005
  1.00000000000000008E-005
  1.00000000000000008E-005
  1.00000000000000008E-005
  1.00000000000000008E-005
  1.00000000000000008E-005
  1.00000000000000008E-005
  1.00000000000000008E-005
  1.00000000000000008E-005
  1.00000000000000008E-005
  1.00000000000000008E-005
  1.00000000000000008E-005
  1.00000000000000008E-005
  1.00000000000000008E-005
  1.00000000000000008E-005
  1.00000000000000008E-005
  1.00000000000000008E-005
  1.00000000000000008E-005
  1.00000000000000008E-005
  1.00000000000000008E-005
  3.91697782699034838E-002
  1.00000000000000008E-005
  1.00000000000000008E-005
  1.00000000000000008E-005
  1.00000000000000008E-005
  3.91697452803598661E-002
  1.00000000000000008E-005
  1.00000000000000008E-005
  1.00000000000000008E-005
  1.00000000000000008E-005
  1.00000000000000008E-005
  1.00000000000000008E-005
  1.00000000000000008E-005
  1.00000000000000008E-005
  1.00000000000000008E-005
  1.00000000000000008E-005
  1.00000000000000008E-005
  1.00000000000000008E-005
  1.00000000000000008E-005
  1.00000000000000008E-005
  1.00000000000000008E-005
  1.00000000000000008E-005
  1.00000000000000008E-005
  1.00000000000000008E-005
  1.00000000000000008E-005
  1.00000000000000008E-005
  1.00000000000000008E-005
  1.00000000000000008E-005
  1.00000000000000008E-005
  1.00000000000000008E-005
  1.00000000000000008E-005
  1.00000000000000008E-005
  1.00000000000000008E-005
  1.00000000000000008E-005
  1.00000000000000008E-005
  1.00000000000000008E-005
  1.00000000000000008E-005
  1.00000000000000008E-005
  1.00000000000000008E-005
  1.00000000000000008E-005
  1.00000000000000008E-005
  1.00000000000000008E-005
  1.00000000000000008E-005
  1.00000000000000008E-005
  1.00000000000000008E-005
  1.00000000000000008E-005
  1.00000000000000008E-005
  6.34254182650731500E-003
  1.00000000000000008E-005
  1.00000000000000008E-005
  1.00000000000000008E-005
  1.00000000000000008E-005
  6.34259171286970062E-003
  1.00000000000000008E-005
  1.00000000000000008E-005
  1.00000000000000008E-005
  1.00000000000000008E-005
  1.00000000000000008E-005
  1.00000000000000008E-005
  1.00000000000000008E-005
  1.00000000000000008E-005
  1.00000000000000008E-005
  1.00000000000000008E-005
  1.00000000000000008E-005
  1.00000000000000008E-005
  1.00000000000000008E-005
  1.00000000000000008E-005
  1.00000000000000008E-005
  1.00000000000000008E-005
  1.00000000000000008E-005
  1.00000000000000008E-005
  1.00000000000000008E-005
  1.00000000000000008E-005
  1.00000000000000008E-005
  1.00000000000000008E-005
  1.00000000000000008E-005
  1.00000000000000008E-005
  1.00000000000000008E-005
  1.00000000000000008E-005
  1.00000000000000008E-005
  1.00000000000000008E-005
  1.00000000000000008E-005
  1.00000000000000008E-005
  1.00000000000000008E-005
  1.00000000000000008E-005
  1.00000000000000008E-005
  1.00000000000000008E-005
  1.00000000000000008E-005
  1.00000000000000008E-005
  1.00000000000000008E-005
  1.00000000000000008E-005
  1.00000000000000008E-005
  1.00000000000000008E-005
  1.00000000000000008E-005
  1.00000000000000008E-005
  1.00000000000000008E-005
  1.00000000000000008E-005
  1.00000000000000008E-005
  1.00000000000000008E-005
  1.00000000000000008E-005
  4.02975479677623247E-002
  1.00000000000000008E-005
  1.00000000000000008E-005
  1.00000000000000008E-005
  1.00000000000000008E-005
  4.02976849884744276E-002
  1.00000000000000008E-005
  1.00000000000000008E-005
  1.00000000000000008E-005
  1.00000000000000008E-005
  1.00000000000000008E-005
  1.00000000000000008E-005
  1.00000000000000008E-005
  1.00000000000000008E-005
  1.00000000000000008E-005
  1.00000000000000008E-005
  1.00000000000000008E-005
  1.00000000000000008E-005
  1.00000000000000008E-005
  1.00000000000000008E-005
  1.00000000000000008E-005
  1.00000000000000008E-005
  1.00000000000000008E-005
  1.00000000000000008E-005
  1.00000000000000008E-005
  1.00000000000000008E-005
  1.00000000000000008E-005
  1.00000000000000008E-005
  1.00000000000000008E-005
  1.00000000000000008E-005
  1.00000000000000008E-005
  1.00000000000000008E-005
  1.00000000000000008E-005
  1.00000000000000008E-005
  1.00000000000000008E-005
  1.00000000000000008E-005
  1.00000000000000008E-005
  1.00000000000000008E-005
  1.00000000000000008E-005
  1.00000000000000008E-005
  1.00000000000000008E-005
  1.00000000000000008E-005
  1.00000000000000008E-005
  1.00000000000000008E-005
  1.00000000000000008E-005
  1.00000000000000008E-005
  1.00000000000000008E-005
  5.59123106331999280E-003
  1.00000000000000008E-005
  1.00000000000000008E-005
  1.00000000000000008E-005
  1.00000000000000008E-005
  5.59127660859032490E-003
  1.00000000000000008E-005
  1.00000000000000008E-005
  1.00000000000000008E-005
  1.00000000000000008E-005
  1.00000000000000008E-005
  1.00000000000000008E-005
  1.00000000000000008E-005
  1.00000000000000008E-005
  1.00000000000000008E-005
  1.00000000000000008E-005
  1.00000000000000008E-005
  1.00000000000000008E-005
  1.00000000000000008E-005
  1.00000000000000008E-005
  1.00000000000000008E-005
  1.00000000000000008E-005
  1.00000000000000008E-005
  1.00000000000000008E-005
  1.00000000000000008E-005
  1.00000000000000008E-005
  1.00000000000000008E-005
  1.00000000000000008E-005
  1.00000000000000008E-005
  1.00000000000000008E-005
  1.00000000000000008E-005
  1.00000000000000008E-005
  1.00000000000000008E-005
  1.00000000000000008E-005
  1.00000000000000008E-005
  1.00000000000000008E-005
  1.00000000000000008E-005
  1.00000000000000008E-005
  1.00000000000000008E-005
  1.00000000000000008E-005
  1.00000000000000008E-005
  1.00000000000000008E-005
  1.00000000000000008E-005
  1.00000000000000008E-005
  1.00000000000000008E-005
  1.00000000000000008E-005
  1.00000000000000008E-005
  1.00000000000000008E-005
  1.00000000000000008E-005
  1.00000000000000008E-005
  1.00000000000000008E-005
  1.00000000000000008E-005
  1.00000000000000008E-005
  9.16243880347164183E-003
  1.00000000000000008E-005
  1.00000000000000008E-005
  1.00000000000000008E-005
  1.00000000000000008E-005
  9.16247433934134006E-003
  1.00000000000000008E-005
  1.00000000000000008E-005
  1.00000000000000008E-005
  1.00000000000000008E-005
  1.00000000000000008E-005
  1.00000000000000008E-005
  1.00000000000000008E-005
  1.00000000000000008E-005
  1.00000000000000008E-005
  1.00000000000000008E-005
  1.00000000000000008E-005
  1.00000000000000008E-005
  1.00000000000000008E-005
  1.00000000000000008E-005
  1.00000000000000008E-005
  1.00000000000000008E-005
  1.00000000000000008E-005
  1.00000000000000008E-005
  1.00000000000000008E-005
  1.00000000000000008E-005
  1.00000000000000008E-005
  1.00000000000000008E-005
  1.00000000000000008E-005
  1.00000000000000008E-005
  1.00000000000000008E-005
  1.00000000000000008E-005
  1.00000000000000008E-005
  1.00000000000000008E-005
  1.00000000000000008E-005
  1.00000000000000008E-005
  1.00000000000000008E-005
  1.00000000000000008E-005
  1.00000000000000008E-005
  1.00000000000000008E-005
  1.00000000000000008E-005
  1.00000000000000008E-005
  1.00000000000000008E-005
  1.00000000000000008E-005
  1.00000000000000008E-005
  1.00000000000000008E-005
  1.00000000000000008E-005
  1.03786625359983935E-002
  1.00000000000000008E-005
  1.00000000000000008E-005
  1.00000000000000008E-005
  1.00000000000000008E-005
  1.03786874791463018E-002
  1.00000000000000008E-005
  1.00000000000000008E-005
  1.00000000000000008E-005
  1.00000000000000008E-005
  1.00000000000000008E-005
  1.00000000000000008E-005
  1.00000000000000008E-005
  1.00000000000000008E-005
  1.00000000000000008E-005
  1.00000000000000008E-005
  1.00000000000000008E-005
  1.00000000000000008E-005
  1.00000000000000008E-005
  1.00000000000000008E-005
  1.00000000000000008E-005
  1.00000000000000008E-005
  1.00000000000000008E-005
  1.00000000000000008E-005
  1.00000000000000008E-005
  1.00000000000000008E-005
  1.00000000000000008E-005
  1.00000000000000008E-005
  1.00000000000000008E-005
  1.00000749959354609E-005
  1.00000000000000008E-005
  1.00000000000000008E-005
  1.00000000000000008E-005
  1.00000000000000008E-005
  1.00000749989999346E-005
  1.00000000000000008E-005
  1.00000000000000008E-005
  1.00000000000000008E-005
  1.00000000000000008E-005
  1.00000000000000008E-005
  1.00000000000000008E-005
  1.00000000000000008E-005
  1.00000000000000008E-005
  1.08970198815944877E-004
  1.00000000000000008E-005
  1.00000000000000008E-005
  1.00000000000000008E-005
  1.00000000000000008E-005
  1.08971155646599136E-004
  1.00000000385845149E-005
  1.00000000000000008E-005
  1.00000000000000008E-005
  1.00000000000000008E-005
  1.07107170267077816E-002
  1.00000000385881182E-005
  1.00000000000000008E-005
  1.00000000000000008E-005
  1.00000000000000008E-005
  1.07107141656963833E-002
  1.00000000000000008E-005
  1.00000000000000008E-005
  1.00000000000000008E-005
  1.00000000000000008E-005
  1.08985442832207590E-004
  1.00000000000000008E-005
  1.00000000000000008E-005
  1.00000000000000008E-005
  1.00000000000000008E-005
  1.08986399835237689E-004
  1.00000748400775327E-005
  1.00000000000000008E-005
  1.00000000000000008E-005
  1.00000000000000008E-005
  1.00000000000000008E-005
  1.00000748431357062E-005
  1.00000000000000008E-005
  1.00000000000000008E-005
  1.00000000000000008E-005
  1.00000000000000008E-005
  1.00000000000000008E-005
  1.00000000000000008E-005
  1.00000000000000008E-005
  1.00000000000000008E-005
  1.00307216377693947E-005
  1.00000000000000008E-005
  1.00000000000000008E-005
  1.00000000000000008E-005
  1.00000000000000008E-005
  1.00307217059264074E-005
  1.00000000002338598E-005
  1.00000000000000008E-005
  1.00000000000000008E-005
  1.00000000000000008E-005
  1.00000000000000008E-005
  1.00000000002338649E-005
  1.00000000000000008E-005
  1.00000000000000008E-005
  1.00000000000000008E-005
  1.00000000000000008E-005
  3.35424340988134439E-003
  6.23784500474098211E-002
  1.00000000000000008E-005
  1.00000000000000008E-005
  1.00002051891311796E-005
  3.35424368768762280E-003
  6.23783554711450777E-002
  1.00000000000000008E-005
  1.00000000000000008E-005
  1.00002051847247499E-005
  1.00000000002305649E-005
  1.00000000000000008E-005
  1.00000000000000008E-005
  1.00000000000000008E-005
  1.00000000000000008E-005
  1.00000000002305700E-005
  1.00000000000000008E-005
  1.00000000000000008E-005
  1.00000000000000008E-005
  1.00000000000000008E-005
  1.00000000000000008E-005
  1.00000000000000008E-005
  1.00000000000000008E-005
  1.00000000000000008E-005
  1.00306406859727422E-005
  1.00000000000000008E-005
  1.00000000000000008E-005
  1.00000000000000008E-005
  1.00000000000000008E-005
  1.00306407537450392E-005
  1.00306411466882178E-005
  1.00000000000000008E-005
  1.00000000000000008E-005
  1.00000000000000008E-005
  1.00000000000000008E-005
  1.00306414536306572E-005
  1.00000000000000008E-005
  1.00000000000000008E-005
  1.00000000000000008E-005
  1.00000000000000008E-005
  1.00000000000000008E-005
  1.00000000000000008E-005
  1.00000000000000008E-005
  1.00000000000000008E-005
  1.00000000002305446E-005
  1.00000000000000008E-005
  1.00000000000000008E-005
  1.00000000000000008E-005
  1.00000000000000008E-005
  1.00000000002305513E-005
  1.00002051916011853E-005
  1.00000000000000008E-005
  1.00000000000000008E-005
  6.23783976330418641E-002
  3.35422661975338151E-003
  1.00002051956477124E-005
  1.00000000000000008E-005
  1.00000000000000008E-005
  6.23784267558088815E-002
  3.35422459305311123E-003
  1.00000000000000008E-005
  1.00000000000000008E-005
  1.00000000000000008E-005
  1.00000000000000008E-005
  1.00000000002338361E-005
  1.00000000000000008E-005
  1.00000000000000008E-005
  1.00000000000000008E-005
  1.00000000000000008E-005
  1.00000000002338446E-005
  1.00307220551203748E-005
  1.00000000000000008E-005
  1.00000000000000008E-005
  1.00000000000000008E-005
  1.00000000000000008E-005
  1.00307223628217558E-005
  1.00000000000000008E-005
  1.00000000000000008E-005
  1.00000000000000008E-005
  1.00000000000000008E-005
  1.00000000000000008E-005
  1.00000000000000008E-005
  1.00000000000000008E-005
  1.00000000000000008E-005
  1.00000748371427668E-005
  1.00000000000000008E-005
  1.00000000000000008E-005
  1.00000000000000008E-005
  1.00000000000000008E-005
  1.00000748348956359E-005
  1.08986766142339487E-004
  1.00000000000000008E-005
  1.00000000000000008E-005
  1.00000000000000008E-005
  1.00000000000000008E-005
  1.08986906366102359E-004
  1.00000000000000008E-005
  1.00000000000000008E-005
  1.00000000000000008E-005
  1.00000000000000008E-005
  1.07107226744606425E-002
  1.00000000000000008E-005
  1.00000000000000008E-005
  1.00000000000000008E-005
  1.00000000385833748E-005
  1.07107249309547434E-002
  1.00000000000000008E-005
  1.00000000000000008E-005
  1.00000000000000008E-005
  1.00000000385799274E-005
  1.08970112836382052E-004
  1.00000000000000008E-005
  1.00000000000000008E-005
  1.00000000000000008E-005
  1.00000000000000008E-005
  1.08970252978430815E-004
  1.00000000000000008E-005
  1.00000000000000008E-005
  1.00000000000000008E-005
  1.00000000000000008E-005
  1.00000000000000008E-005
  1.00000000000000008E-005
  1.00000000000000008E-005
  1.00000000000000008E-005
  1.00000749925781069E-005
  1.00000000000000008E-005
  1.00000000000000008E-005
  1.00000000000000008E-005
  1.00000000000000008E-005
  1.00000749903264121E-005
  1.00000000000000008E-005
  1.00000000000000008E-005
  1.00000000000000008E-005
  1.00000000000000008E-005
  1.00000000000000008E-005
  1.00000000000000008E-005
  1.00000000000000008E-005
  1.00000000000000008E-005
  1.00000000000000008E-005
  1.00000000000000008E-005
  1.00000000000000008E-005
  1.00000000000000008E-005
  1.00000000000000008E-005
  1.00000000000000008E-005
  1.00000000000000008E-005
  1.00000000000000008E-005
  1.00000000000000008E-005
  1.00000000000000008E-005
  1.00000000000000008E-005
  1.00000000000000008E-005
  1.00000000000000008E-005
  1.00000000000000008E-005
  1.00000000000000008E-005
  1.03787452696354789E-002
  1.00000000000000008E-005
  1.00000000000000008E-005
  1.00000000000000008E-005
  1.00000000000000008E-005
  1.03787532902452993E-002
  1.00000000000000008E-005
  1.00000000000000008E-005
  1.00000000000000008E-005
  1.00000000000000008E-005
  1.00000000000000008E-005
  1.00000000000000008E-005
  1.00000000000000008E-005
  1.00000000000000008E-005
  1.00000000000000008E-005
  1.00000000000000008E-005
  1.00000000000000008E-005
  1.00000000000000008E-005
  1.00000000000000008E-005
  1.00000000000000008E-005
  1.00000000000000008E-005
  1.00000000000000008E-005
  1.00000000000000008E-005
  1.00000000000000008E-005
  1.00000000000000008E-005
  1.00000000000000008E-005
  1.00000000000000008E-005
  1.00000000000000008E-005
  1.00000000000000008E-005
  1.00000000000000008E-005
  1.00000000000000008E-005
  1.00000000000000008E-005
  1.00000000000000008E-005
  1.00000000000000008E-005
  1.00000000000000008E-005
  1.00000000000000008E-005
  1.00000000000000008E-005
  1.00000000000000008E-005
  1.00000000000000008E-005
  1.00000000000000008E-005
  1.00000000000000008E-005
  1.00000000000000008E-005
  1.00000000000000008E-005
  1.00000000000000008E-005
  1.00000000000000008E-005
  1.00000000000000008E-005
  1.00000000000000008E-005
  9.16247848253573874E-003
  1.00000000000000008E-005
  1.00000000000000008E-005
  1.00000000000000008E-005
  1.00000000000000008E-005
  9.16242447931823849E-003
  1.00000000000000008E-005
  1.00000000000000008E-005
  1.00000000000000008E-005
  1.00000000000000008E-005
  1.00000000000000008E-005
  1.00000000000000008E-005
  1.00000000000000008E-005
  1.00000000000000008E-005
  1.00000000000000008E-005
  1.00000000000000008E-005
  1.00000000000000008E-005
  1.00000000000000008E-005
  1.00000000000000008E-005
  1.00000000000000008E-005
  1.00000000000000008E-005
  1.00000000000000008E-005
  1.00000000000000008E-005
  1.00000000000000008E-005
  1.00000000000000008E-005
  1.00000000000000008E-005
  1.00000000000000008E-005
  1.00000000000000008E-005
  1.00000000000000008E-005
  1.00000000000000008E-005
  1.00000000000000008E-005
  1.00000000000000008E-005
  1.00000000000000008E-005
  1.00000000000000008E-005
  1.00000000000000008E-005
  1.00000000000000008E-005
  1.00000000000000008E-005
  1.00000000000000008E-005
  1.00000000000000008E-005
  1.00000000000000008E-005
  1.00000000000000008E-005
  1.00000000000000008E-005
  1.00000000000000008E-005
  1.00000000000000008E-005
  1.00000000000000008E-005
  1.00000000000000008E-005
  1.00000000000000008E-005
  1.00000000000000008E-005
  1.00000000000000008E-005
  1.00000000000000008E-005
  1.00000000000000008E-005
  1.00000000000000008E-005
  1.00000000000000008E-005
  5.59134853374677280E-003
  1.00000000000000008E-005
  1.00000000000000008E-005
  1.00000000000000008E-005
  1.00000000000000008E-005
  5.59131440781163429E-003
  1.00000000000000008E-005
  1.00000000000000008E-005
  1.00000000000000008E-005
  1.00000000000000008E-005
  1.00000000000000008E-005
  1.00000000000000008E-005
  1.00000000000000008E-005
  1.00000000000000008E-005
  1.00000000000000008E-005
  1.00000000000000008E-005
  1.00000000000000008E-005
  1.00000000000000008E-005
  1.00000000000000008E-005
  1.00000000000000008E-005
  1.00000000000000008E-005
  1.00000000000000008E-005
  1.00000000000000008E-005
  1.00000000000000008E-005
  1.00000000000000008E-005
  1.00000000000000008E-005
  1.00000000000000008E-005
  1.00000000000000008E-005
  1.00000000000000008E-005
  1.00000000000000008E-005
  1.00000000000000008E-005
  1.00000000000000008E-005
  1.00000000000000008E-005
  1.00000000000000008E-005
  1.00000000000000008E-005
  1.00000000000000008E-005
  1.00000000000000008E-005
  1.00000000000000008E-005
  1.00000000000000008E-005
  1.00000000000000008E-005
  1.00000000000000008E-005
  1.00000000000000008E-005
  1.00000000000000008E-005
  1.00000000000000008E-005
  1.00000000000000008E-005
  1.00000000000000008E-005
  1.00000000000000008E-005
  4.02978107796818294E-002
  1.00000000000000008E-005
  1.00000000000000008E-005
  1.00000000000000008E-005
  1.00000000000000008E-005
  4.02975719739645175E-002
  1.00000000000000008E-005
  1.00000000000000008E-005
  1.00000000000000008E-005
  1.00000000000000008E-005
  1.00000000000000008E-005
  1.00000000000000008E-005
  1.00000000000000008E-005
  1.00000000000000008E-005
  1.00000000000000008E-005
  1.00000000000000008E-005
  1.00000000000000008E-005
  1.00000000000000008E-005
  1.00000000000000008E-005
  1.00000000000000008E-005
  1.00000000000000008E-005
  1.00000000000000008E-005
  1.00000000000000008E-005
  1.00000000000000008E-005
  1.00000000000000008E-005
  1.00000000000000008E-005
  1.00000000000000008E-005
  1.00000000000000008E-005
  1.00000000000000008E-005
  1.00000000000000008E-005
  1.00000000000000008E-005
  1.00000000000000008E-005
  1.00000000000000008E-005
  1.00000000000000008E-005
  1.00000000000000008E-005
  1.00000000000000008E-005
  1.00000000000000008E-005
  1.00000000000000008E-005
  1.00000000000000008E-005
  1.00000000000000008E-005
  1.00000000000000008E-005
  1.00000000000000008E-005
  1.00000000000000008E-005
  1.00000000000000008E-005
  1.00000000000000008E-005
  1.00000000000000008E-005
  1.00000000000000008E-005
  1.00000000000000008E-005
  1.00000000000000008E-005
  1.00000000000000008E-005
  1.00000000000000008E-005
  1.00000000000000008E-005
  1.00000000000000008E-005
  6.34263381516960312E-003
  1.00000000000000008E-005
  1.00000000000000008E-005
  1.00000000000000008E-005
  1.00000000000000008E-005
  6.34258565190212991E-003
  1.00000000000000008E-005
  1.00000000000000008E-005
  1.00000000000000008E-005
  1.00000000000000008E-005
  1.00000000000000008E-005
  1.00000000000000008E-005
  1.00000000000000008E-005
  1.00000000000000008E-005
  1.00000000000000008E-005
  1.00000000000000008E-005
  1.00000000000000008E-005
  1.00000000000000008E-005
  1.00000000000000008E-005
  1.00000000000000008E-005
  1.00000000000000008E-005
  1.00000000000000008E-005
  1.00000000000000008E-005
  1.00000000000000008E-005
  1.00000000000000008E-005
  1.00000000000000008E-005
  1.00000000000000008E-005
  1.00000000000000008E-005
  1.00000000000000008E-005
  1.00000000000000008E-005
  1.00000000000000008E-005
  1.00000000000000008E-005
  1.00000000000000008E-005
  1.00000000000000008E-005
  1.00000000000000008E-005
  1.00000000000000008E-005
  1.00000000000000008E-005
  1.00000000000000008E-005
  1.00000000000000008E-005
  1.00000000000000008E-005
  1.00000000000000008E-005
  1.00000000000000008E-005
  1.00000000000000008E-005
  1.00000000000000008E-005
  1.00000000000000008E-005
  1.00000000000000008E-005
  1.00000000000000008E-005
  3.91697060083740084E-002
  1.00000000000000008E-005
  1.00000000000000008E-005
  1.00000000000000008E-005
  1.00000000000000008E-005
  3.91697329389806420E-002
  1.00000000000000008E-005
  1.00000000000000008E-005
  1.00000000000000008E-005
  1.00000000000000008E-005
  1.00000000000000008E-005
  1.00000000000000008E-005
  1.00000000000000008E-005
  1.00000000000000008E-005
  1.00000000000000008E-005
  1.00000000000000008E-005
  1.00000000000000008E-005
  1.00000000000000008E-005
  1.00000000000000008E-005
  1.00000000000000008E-005
  1.00000000000000008E-005
  1.00000000000000008E-005
  1.00000000000000008E-005
  1.00000000000000008E-005
  1.00000000000000008E-005
  1.00000000000000008E-005
  1.00000000000000008E-005
  1.00000000000000008E-005
  1.00000000000000008E-005
  1.00000000000000008E-005
  1.00000000000000008E-005
  1.00000000000000008E-005
  1.67024949401974835E-004
  1.00000000000000008E-005
  1.00000000000000008E-005
  1.00000000000000008E-005
  1.00000000000000008E-005
  1.67025503185024661E-004
  1.00000000000000008E-005
  1.00000000000000008E-005
  1.00000000000000008E-005
  1.00000000000000008E-005
  2.75892111700685777E-004
  1.00000000000000008E-005
  1.00000000000000008E-005
  1.00000000000000008E-005
  1.00000000000000008E-005
  2.75891131066065233E-004
  1.00000000000000008E-005
  1.00000000000000008E-005
  1.00000000000000008E-005
  1.00000000000000008E-005
  1.59104648645675591E-002
  2.64867828575818601E-003
  1.00000000000000008E-005
  1.00000000000000008E-005
  1.00000000000000008E-005
  1.59104703267070741E-002
  2.64867299027248936E-003
  1.00000000000000008E-005
  1.00000000000000008E-005
  1.00000000000000008E-005
  2.75863883349896971E-004
  1.00000000000000008E-005
  1.00000000000000008E-005
  1.00000000000000008E-005
  1.00000000000000008E-005
  2.75862902817091359E-004
  1.00000000000000008E-005
  1.00000000000000008E-005
  1.00000000000000008E-005
  1.00000000000000008E-005
  1.67160771174648952E-004
  1.00000000000000008E-005
  1.00000000000000008E-005
  1.00000000000000008E-005
  1.00000000000000008E-005
  1.67161325108889904E-004
  1.00000000000000008E-005
  1.00000000000000008E-005
  1.00000000000000008E-005
  1.00000000000000008E-005
  2.32572531122767845E-003
  1.00000000000000008E-005
  1.00000000000000008E-005
  1.00000000000000008E-005
  1.00000000000000008E-005
  2.32572903531228121E-003
  1.00000000000000008E-005
  1.00000000000000008E-005
  1.00000000000000008E-005
  1.00000000000000008E-005
  3.27545509884368406E-005
  1.00000000000000008E-005
  1.00000000000000008E-005
  1.00000000000000008E-005
  1.00000000000000008E-005
  3.27546373419137271E-005
  1.00000000000000008E-005
  1.00000000000000008E-005
  2.13002493741017585E-003
  2.36340614636411997E-002
  1.02126348869313460E-002
  1.00000000000000008E-005
  1.00000000000000008E-005
  2.13001879353914110E-003
  2.36340659188423279E-002
  1.02126293375629125E-002
  1.00000000000000008E-005
  1.00000000000000008E-005
  1.00000000000000008E-005
  1.00000000000000008E-005
  3.27359742388265115E-005
  1.00000000000000008E-005
  1.00000000000000008E-005
  1.00000000000000008E-005
  1.00000000000000008E-005
  3.27360605080164097E-005
  1.00000000000000008E-005
  1.00000000000000008E-005
  1.00000000000000008E-005
  1.00000000000000008E-005
  2.32314140645304736E-003
  1.00000000000000008E-005
  1.00000000000000008E-005
  1.00000000000000008E-005
  1.00000000000000008E-005
  2.32314512883473930E-003
  1.00000000000000008E-005
  1.00000000000000008E-005
