 3
 500 1
  0.0941502779  0.0899308162  0.0886757046
  0.5  0.5  0.5
  0.05  0.05  0.05
  0.1
  1.  0.  0.
  0.  0.  0.
  0.  0.  0.
  100.  0.  0.
  0.  100.  0.
  0.  0.  100.
 1
 1
 90
 1
 1
  49.844852  49.7610315  49.9343262
  50.8000848  48.8875157  49.2953211
  52.2194617  49.3546622  49.2611823
  53.1302665  48.5493735  48.9574554
  50.4381948  48.7184945  47.7629574
  49.0493096  48.1460847  47.5158875
  48.6035175  48.3861502  46.077064
  48.499461  49.7500768  45.6314419
  48.648758  50.0436477  44.3093051
  48.3856163  51.2755625  43.8298805
  49.3335027  49.2221179  43.4565289
  50.0230336  50.111324  50.9239827
  48.8934658  49.3330503  49.9064592
  49.7670314  50.6273441  49.3836865
  48.4553372  50.4805966  46.3090122
  48.3735721  51.3889869  42.7945822
  48.1270354  52.0790721  44.4567499
  49.486744  49.3720526  42.4438966
  49.8837675  48.483063  43.7953141
  52.803835  50.554165  49.5390753
  52.2465991  51.6565534  50.3300358
  53.0591681  51.7193575  51.6603359
  53.7191686  52.6989423  51.910837
  52.5248036  52.9378738  49.5338805
  53.7284979  50.7195542  49.240636
  53.0223148  50.6289163  52.3152638
  53.7137369  50.3618677  53.5974401
  54.9472689  51.1879388  54.0809329
  56.0192837  50.8935033  53.5133549
  54.0387607  48.9008953  53.6169391
  54.7779164  48.3167788  54.8335937
  54.453211  48.7263188  55.994563
  55.7059532  47.5159185  54.7276047
  52.6505165  49.9017111  51.7691714
  54.6768923  52.0465201  55.1312795
  55.6142938  53.0447117  55.6663323
  55.621583  54.3633304  54.9139198
  54.8590626  55.2828822  55.2544832
  53.7950682  52.025594  55.5392183
  56.5636283  54.4624619  53.8860166
  57.6052776  53.4875422  53.6197976
  58.7968448  54.1871568  54.2930297
  59.2587755  53.6494118  55.3142308
  57.9502328  53.34124  52.1666993
  56.5380595  55.2578201  53.2416216
  59.2580545  55.3103362  53.7469393
  60.3173041  56.1225393  54.2940756
  59.8130967  56.9692416  55.4937777
  58.7198724  56.8164457  56.042409
  61.6422961  55.4185753  54.5399645
  62.4099231  54.7534766  53.3576472
  63.6496303  54.1515336  54.0058029
  64.5114053  55.2150226  54.403618
  65.5412846  55.5340895  53.5986557
  66.6435208  56.1517438  54.0210705
  65.4162734  55.3542959  52.3267373
  58.8143404  55.7125767  53.0164582
  64.1189602  55.6514366  55.2433924
  67.2981176  56.4971832  53.326251
  66.9668453  56.2877559  54.9775769
  66.2020599  55.6585263  51.8380985
  64.5520471  55.0828266  51.8863945
  60.6857991  57.8358277  55.915202
  60.6627486  58.4318924  57.2226787
  61.3776564  57.486409  58.1318605
  62.6003298  57.2460742  58.0378207
  61.2809097  59.8283961  57.2104212
  61.5420377  60.4994471  58.5485836
  60.4211588  60.7488649  56.368388
  62.7283682  61.4948231  58.6199836
  61.4995713  58.0042165  55.3645642
  60.5367381  56.8704033  58.9480675
  60.9842315  55.9416785  59.983451
  60.7573209  56.5328159  61.4099504
  59.7355336  57.1761913  61.5802445
  60.321453  54.6187096  59.7677516
  60.9243837  53.5446388  58.8348357
  60.7016407  52.3606349  59.0608967
  61.4385837  53.8149911  57.7678442
  59.5670114  56.91761  58.7627083
  61.5336198  56.4656036  62.4631047
  62.9322431  56.1129438  62.2398955
  63.9407591  57.1127008  61.7340713
  63.5791798  58.3103339  61.8374338
  63.5258194  55.3172177  63.5047641
  63.2407896  53.8179993  63.5538898
  63.0647181  55.95031  64.7467762
  63.5393058  53.1154435  62.261975
  65.0000217  56.7275286  61.2383928
  61.1292245  56.6257055  63.3860609
