 1
 10 1
  0.5  0.5  0.5
  0.153053343  0.170705016  0.293108983
  0.672082047  0.596997597  0.558862834
  0.1
  22.174869  24.004999  80.
 570
 1
 3
 1 1 1 1 1 1 1 1 1 1 1 1 1 1 1 1 1 1 1 1 1 1 1 1 1 1 1 1 1 1 1 1 1 1 1 1 1 1 1 1
 1 1 1 1 1 1 1 1 1 1 1 1 1 1 1 1 1 1 1 1 1 1 1 1 1 1 1 1 1 1 1 1 1 1 1 1 1 1 1 1
 1 1 1 1 1 1 1 1 1 1 1 1 1 1 1 1 1 1 1 1 1 1 1 1 1 1 1 1 1 1 1 1 1 1 1 1 1 1 1 1
 1 1 1 1 1 1 1 1 1 1 1 1 1 1 1 1 1 1 1 1 1 1 1 1 1 1 1 1 1 1 1 1 1 1 1 1 1 1 1 1
 1 1 1 1 1 1 1 1 1 1 1 1 1 1 1 1 1 1 1 1 1 1 1 1 1 1 1 1 1 1 1 1 1 1 1 1 1 1 1 1
 1 1 1 1 1 1 1 1 1 1 1 1 1 1 1 1 1 1 1 1 1 1 1 1 1 1 1 1 1 1 1 1 1 1 1 1 1 1 1 1
 1 1 1 1 1 1 1 1 1 1 1 1 1 1 1 1 1 1 1 1 1 1 1 1 1 1 1 1 1 1 1 1 1 1 1 1 1 1 1 1
 1 1 1 1 1 1 1 1 1 1 1 1 1 1 1 1 1 1 1 1 1 1 1 1 1 1 1 1 1 1 1 1 1 1 1 1 1 1 1 1
 1 1 1 1 1 1 1 1 1 1 1 1 1 1 1 1 1 1 1 1 1 1 1 1 1 1 1 1 1 1 1 1 1 1 1 1 1 1 1 1
 1 1 1 1 1 1 1 1 1 1 1 1 1 1 1 1 1 1 1 1 1 1 1 1 1 1 1 1 1 1 1 1 1 1 1 1 1 1 1 1
 1 1 1 1 1 1 1 1 1 1 1 1 1 1 1 1 1 1 1 1 1 1 1 1 1 1 1 1 1 1 1 1 1 1 1 1 1 1 1 1
 1 1 1 1 1 1 1 1 1 1 1 1 1 1 1 1 1 1 1 1 1 1 1 1 1 1 1 1 1 1 1 1 1 1 1 1 1 1 1 1
 1 1 1 1 1 1 1 1 1 1 1 1 1 1 1 1 1 1 1 1 1 1 1 1 1 1 1 1 1 1 1 1 1 1 1 1 1 1 1 1
 1 1 1 1 1 1 1 1 1 1 1 1 1 1 1 1 1 1 1 1 1 1 1 1 1 1 1 1 1 1 1 1 1 1 1 1 1 1 1 1
 1 1 1 1 1 1 1 1 1 1
 1 1 1 1 1 1 1 1 1 1 1 1 1 1 1 1 1 1 1 1 1 1 1 1 1 1 1 1 1 1 1 1 1 1 1 1 1 1 1 1
 1 1 1 1 1 1 1 1 1 1 1 1 1 1 1 1 1 1 1 1 1 1 1 1 1 1 1 1 1 1 1 1 1 1 1 1 1 1 1 1
 1 1 1 1 1 1 1 1 1 1 1 1 1 1 1 1 1 1 1 1 1 1 1 1 1 1 1 1 1 1 1 1 1 1 1 1 1 1 1 1
 1 1 1 1 1 1 1 1 1 1 1 1 1 1 1 1 1 1 1 1 1 1 1 1 1 1 1 1 1 1 1 1 1 1 1 1 1 1 1 1
 1 1 1 1 1 1 1 1 1 1 1 1 1 1 1 1 1 1 1 1 1 1 1 1 1 1 1 1 1 1 1 1 1 1 1 1 1 1 1 1
 1 1 1 1 1 1 1 1 1 1 1 1 1 1 1 1 1 1 1 1 1 1 1 1 1 1 1 1 1 1 1 1 1 1 1 1 1 1 1 1
 1 1 1 1 1 1 1 1 1 1 1 1 1 1 1 1 1 1 1 1 1 1 1 1 1 1 1 1 1 1 1 1 1 1 1 1 1 1 1 1
 1 1 1 1 1 1 1 1 1 1 1 1 1 1 1 1 1 1 1 1 1 1 1 1 1 1 1 1 1 1 1 1 1 1 1 1 1 1 1 1
 1 1 1 1 1 1 1 1 1 1 1 1 1 1 1 1 1 1 1 1 1 1 1 1 1 1 1 1 1 1 1 1 1 1 1 1 1 1 1 1
 1 1 1 1 1 1 1 1 1 1 1 1 1 1 1 1 1 1 1 1 1 1 1 1 1 1 1 1 1 1 1 1 1 1 1 1 1 1 1 1
 1 1 1 1 1 1 1 1 1 1 1 1 1 1 1 1 1 1 1 1 1 1 1 1 1 1 1 1 1 1 1 1 1 1 1 1 1 1 1 1
 1 1 1 1 1 1 1 1 1 1 1 1 1 1 1 1 1 1 1 1 1 1 1 1 1 1 1 1 1 1 1 1 1 1 1 1 1 1 1 1
 1 1 1 1 1 1 1 1 1 1 1 1 1 1 1 1 1 1 1 1 1 1 1 1 1 1 1 1 1 1 1 1 1 1 1 1 1 1 1 1
 1 1 1 1 1 1 1 1 1 1 1 1 1 1 1 1 1 1 1 1 1 1 1 1 1 1 1 1 1 1 1 1 1 1 1 1 1 1 1 1
 1 1 1 1 1 1 1 1 1 1
  7.45911052  4.50731822  29.1891705
  6.83285023  5.09129006  28.6726679
  8.23541365  4.25727539  28.6105238
  8.26615369  12.1175781  43.2123598
  7.8734874  11.6317154  42.4314946
  9.095901  12.5957297  42.9244527
  17.3795099  3.16600341  41.9342934
  17.3078577  3.48335373  40.9886959
  16.8536515  2.32247555  42.0435348
  19.680463  7.56196571  27.6859191
  18.8560802  7.43813533  27.1335976
  19.4223734  7.72274797  28.6385673
  12.5300899  2.47546523  34.3791052
  12.625104  3.43609135  34.1180118
  11.5641323  2.26486891  34.5293554
  16.0602773  3.51480276  27.3706523
  16.0429796  2.55191235  27.1013145
  15.1970712  3.75177638  27.8164311
  13.8591173  12.4506427  44.6683823
  14.2631876  11.5424953  44.7779053
  14.4212202  13.1254423  45.1465934
  5.74228838  15.9190248  43.2958151
  5.1304245  15.1659352  43.5376388
  6.68350136  15.6703202  43.5244287
  5.86383162  5.02057634  35.0695352
  5.83812216  6.02018573  35.058577
  5.38399467  4.68367244  35.8796293
  20.7371756  9.53826985  27.2291278
  20.1084514  9.01379743  27.8032659
  20.8724658  9.06106582  26.3608117
  5.50497974  13.878397  44.7192807
  5.32066712  13.4152957  45.5862097
  6.44218896  14.227163  44.7203652
  3.74653336  9.72517819  52.3631316
  2.77277308  9.89852579  52.2156815
  4.2532906  10.5838556  52.2865147
  19.1429214  8.10478765  35.2399557
  18.2761701  8.4258985  34.8583406
  19.2869429  8.52195757  36.1373002
  13.5609715  6.02654097  30.6444678
  12.9368077  5.25802195  30.7851737
  13.0675609  6.78208135  30.213533
  6.40985119  17.0766961  34.6627588
  7.11515432  17.0303019  33.9553727
  6.19876516  16.1535346  34.9840303
  10.8733747  16.8512203  30.9130621
  10.641591  15.8788664  30.8847051
  10.7691555  17.2454815  29.9999923
  6.04814831  1.31637206  50.0879744
  6.37709943  1.97228069  50.7673675
  5.17376713  1.63012882  49.71782
  13.0556855  21.3378713  41.994308
  13.9164578  21.2592718  41.4914232
  12.2889114  21.2309491  41.3613585
  14.3855032  10.8712205  27.6789609
  14.4983536  11.1542186  26.7265026
  15.1170849  10.2361488  27.9268966
  11.6557821  10.6102379  50.4019903
  10.9365317  9.91926915  50.4743866
  11.9486361  10.8837771  51.318185
  0.698765298  9.27959318  35.1102498
  0.309810127  9.6305295  35.9620465
  1.27398898  8.48600061  35.3085641
  16.3604888  11.7301254  37.6821811
  15.745165  11.6667767  36.8964563
  16.1263643  11.020701  38.3469389
  8.32238211  17.8128005  29.8462117
  8.04633907  18.4850355  30.5331618
  8.39955631  18.2595155  28.9548701
  10.7745166  6.03635282  30.7772602
  11.7667452  6.07637392  30.8950763
  10.5584998  5.91595123  29.8083225
  21.6318599  22.2829355  37.6672576
  21.3630675  22.1110842  36.7195141
  21.4618524  21.4641652  38.2156304
  18.8014954  17.1275202  28.6912697
  17.8629978  17.1989784  28.3534591
  19.2533239  18.0159733  28.6106344
  0.878072261  2.10073005  44.2549516
  0.726334629  3.08902294  44.2390493
  0.177438147  1.64703534  43.7042494
  5.97940534  0.695122406  35.1256635
  5.39455101  0.50487891  35.9141766
  6.27136603 -0.16698646  34.711505
  6.85922219  10.6912201  50.794876
  6.07969849  11.1467698  50.3649721
  7.62348519  10.6594717  50.1507533
  16.3193186  18.1571978  49.2099583
  15.5897694  18.6709383  48.7584845
  17.191971  18.3554231  48.7636573
  20.0583674  23.1389155  27.2511013
  20.1612351  22.6668839  26.3755418
  19.2149668  23.6761406  27.2430692
  3.51053894  11.922099  26.6515121
  4.24875236  11.4714087  26.1495965
  3.86725203  12.7368054  27.1086874
  17.2446354  3.68711047  37.7338553
  17.752186  2.97376626  38.2171072
  17.4517196  4.57702587  38.1402624
  0.363535047  15.6918235  37.8793658
  0.703725741  16.4630627  38.4173809
  1.06132831  15.4117639  37.220085
  21.0801559  22.8574592  49.846381
  20.3207487  23.1106007  49.2470313
  21.340084  21.9077028  49.672024
  13.8215161  10.6295202  41.6892702
  13.6523202  9.82140971  41.1250626
  14.2094961  11.3563936  41.1225897
  20.4755956  13.8978668  27.6300682
  20.2207955  12.9444914  27.7917845
  21.4318358  14.0356927  27.8881545
  15.266444  13.4728763  52.2859525
  16.0255936  12.8875746  52.5707573
  15.2946811  13.5962938  51.2939994
  21.8679313  14.4211337  49.7436863
  21.5690701  15.3547998  49.5463301
  22.8632856  14.3660547  49.6647176
  7.54696541  18.9605899  44.0110915
  6.70914066  18.8371992  43.4792791
  8.16453368  19.5765452  43.5220019
  1.80632114  14.9101462  27.6880889
  2.02741774  15.7428573  28.1957388
  2.47464304  14.1991314  27.9067298
  12.1196656  5.73668109  48.6727914
  12.8040309  5.64070203  49.3955863
  11.9664059  6.70697566  48.485602
  12.0999773  8.52604176  30.7620335
  11.9656928  7.61611534  31.1544639
  11.9997898  9.21621898  31.4787048
  11.7109779  15.1921057  45.290421
  10.8894892  14.6829816  45.5472263
  12.079211  14.8223486  44.437377
  14.7335323  3.11889092  38.1648006
  14.4923402  3.88732943  38.7575304
  15.6420698  2.78087909  38.4103765
  3.017919  7.66884428  44.1339037
  2.44962179  8.43580841  43.8359032
  3.9299717  8.0026221  44.372131
  2.28401845  0.388265669  27.8947303
  2.60777149 -0.208036325  27.1601502
  1.59036358  1.01277888  27.5358067
  16.2990501  22.7380824  45.4003305
  17.0365665  23.2260655  44.9334878
  16.4697854  22.7396277  46.3856461
  9.48430625  5.20798039  35.8116497
  9.48851028  6.18219122  36.0372501
  9.24544778  4.67839076  36.6255793
  6.41591456  11.9226932  29.330127
  5.97329038  11.4072825  28.5963453
  6.8260229  12.7533477  28.9535316
  17.3271043  2.31265046  44.7574232
  17.4767315  1.45533906  44.2648494
  17.1528061  3.04756862  44.102049
  16.6421891  23.6418277  28.1029653
  16.1686251  23.4952689  27.2344852
  17.5740587  23.2847385  28.0388854
  14.3309728  23.574532  52.6609652
  13.8619538  23.9364212  53.4666062
  13.6929079  23.5388441  51.8918101
  3.16584083  15.8151307  44.1487598
  3.54371614  15.2023914  43.4546699
  2.32750521  15.4184757  44.522736
  17.9882053  22.4718314  33.1830485
  17.5344204  23.2079945  32.68091
  18.7873944  22.8372356  33.6603079
  5.65968731  15.8667142  27.7610969
  5.18263801  16.0119578  26.894305
  6.10810131  14.972969  27.7490835
  2.8045809  4.84127425  30.5510921
  2.7371016  5.41798918  31.3652459
  2.11436688  4.11906816  30.5960696
  21.6164098  13.5321814  42.0049018
  21.9129052  12.6906022  41.5534209
  20.942417  13.3124176  42.7101943
  19.5028399  14.9326565  38.4514039
  19.9023067  14.1550965  38.937024
  18.5476856  15.042384  38.7264315
  18.7311913  0.448082354  29.6361653
  18.6371894 -0.170609539  30.4161551
  17.8244462  0.683734451  29.2864775
  19.3183868  23.241571  44.983899
  18.7370813  23.8605233  45.5120864
  18.7543223  22.7186189  44.3448745
  12.5900931  9.93244299  36.9547783
  12.6341245  10.9281312  36.8731313
  12.9212624  9.51370434  36.1092105
  6.05826136  5.65081491  45.9610259
  6.51522426  6.41920382  46.4090922
  5.88232409  4.93044339  46.631929
  13.8221965  23.8263343  38.0763902
  13.2513022  24.6380608  38.1995959
  13.2384768  23.0217974  37.9668848
  16.9116078  18.1527661  42.7169224
  17.4571203  18.1294321  43.5547003
  16.5388576  17.2425575  42.5364305
  7.68270027  18.2054668  53.3023687
  7.62540908  17.641776  52.4783721
  8.60353527  18.5872724  53.3816618
  5.6714478  8.93131731  34.2638307
  6.08680495  9.78595382  33.9522623
  5.0928091  8.55814966  33.5386252
  16.6687427  6.15801968  45.4677202
  17.0660481  5.90899074  44.5844688
  17.2560404  6.82921004  45.9200308
  2.52285264  17.4597767  52.3845618
  2.54129015  16.5406884  52.7781818
  2.21038175  18.1119582  53.075229
  0.349789363  11.6831262  37.3762953
  0.725224285  12.5894732  37.5701603
  1.08122702  11.08075  37.0566989
  6.45474774  8.87691195  49.1406319
  5.69256682  8.6451386  49.7450831
  7.10727339  8.11938605  49.121532
  13.5531234  0.503293633  41.5780759
  14.3613658  0.155771241  41.1027103
  13.3687977  1.44016662  41.2809343
  20.9053887  2.5994478  26.8813476
  21.6779306  2.16399241  26.4192245
  21.2123081  3.44425555  27.3196402
  0.810024846  21.7341365  43.0064489
  1.5175876  22.2573593  42.5314825
  0.156620134  21.3755192  42.3397736
  18.4510607  6.16278366  38.0698889
  18.0313206  6.7994302  38.7168044
  19.1124067  6.65254329  37.501772
  6.28829614  10.1362346  27.580445
  6.50967339  9.97250999  28.5417911
  5.41583646  10.6208063  27.5171647
  14.7243372  19.7305641  37.403775
  14.3700334  18.8471168  37.0971979
  15.6517667  19.6127322  37.7587259
  21.6442789  7.16056009  35.5886002
  21.158237  7.87861165  35.0904383
  21.0194847  6.40211524  35.7740556
  6.79630786  22.5773427  40.87729
  7.58361997  22.0684755  41.2254189
  7.07964455  23.5054254  40.6356648
  18.5836887  20.0712804  43.5609625
  18.0577415  20.4262756  42.7880731
  19.1724123  19.3255407  43.24907
  5.37264323  5.36634259  42.42336
  5.67939932  4.73091055  43.131969
  4.37383724  5.41488116  42.4288912
  22.1305931  6.53273478  27.8538399
  21.2091306  6.91345954  27.9310123
  22.6708718  7.09228721  27.2253496
  11.5669518  6.65798886  37.5454346
  12.1716058  7.17478333  36.9393678
  11.915  5.72614496  37.6480474
  10.4109312  3.23633638  49.5866865
  11.3667226  3.48667471  49.432435
  10.3134959  2.83919252  50.499256
  15.9043388  0.659013211  43.0559396
  15.6645014 -0.170839564  43.5597476
  15.0794114  1.05304859  42.6506854
  4.12764861  8.73348858  36.1066913
  3.42536635  9.27912206  36.563948
  3.98395422  7.7654408  36.3122038
  6.84126574  3.75887852  51.0779184
  7.4225672  3.16908702  50.5173521
  6.50630041  4.52076864  50.5235524
  16.6081409  0.107679235  52.2287409
  16.5677572  0.996760577  51.7727766
  17.3231903  0.123687171  52.9276315
  2.93878262  5.84268374  38.3557318
  2.82217994  6.01629341  39.3336191
  2.09458314  6.07547522  37.8728909
  3.24511035  12.6384456  36.0148982
  3.69066227  11.7432068  36.0204701
  3.70455669  13.2434726  36.6651685
  8.14289774  15.7207985  42.5962091
  7.53083101  16.3803538  42.1599051
  7.8537139  14.7924873  42.3625198
  10.2168245  13.4462132  36.9567668
  10.8282894  13.3863223  36.167765
  10.2473059  14.3724265  37.3325325
  21.5269314  5.44278841  38.6248653
  21.8974382  4.5157438  38.6824241
  22.1259238  6.07244437  39.1195787
  9.78507531  16.1783277  28.6994117
  9.37972406  16.1241563  27.7868573
  9.08833934  16.4645566  29.3571595
  8.98077934  5.4245404  52.6262358
  9.58352092  6.215373  52.5199986
  8.19080009  5.52388275  52.0212037
  15.6273557  21.6805191  42.306551
  15.442829  22.436356  41.678331
  14.7622357  21.2954576  42.6279468
  19.8718751  1.90545259  44.3630778
  19.6010749  2.43044058  45.1699575
  20.8192538  2.12182539  44.1271616
  21.5912104  18.2123401  27.6410103
  21.6128789  19.1503865  27.295179
  22.5229259  17.8518831  27.6854734
  4.18081187  9.77122564  49.8142681
  4.08973285  9.48393791  50.7677723
  5.06360326  9.46609588  49.4570914
  7.97143738  22.318153  37.4786634
  7.19629236  21.8106285  37.1024066
  8.21917958  23.0591907  36.8545745
  14.6182255  18.113344  45.2610668
  14.0001768  18.1374221  44.4752959
  14.6755171  19.024948  45.6681243
  16.7173578  15.2240762  41.6473418
  17.0763869  16.1504388  41.5335414
  15.7463628  15.2112645  41.4085852
  4.70027304  17.1185394  49.4975645
  5.40152311  17.7994366  49.7088164
  4.4721424  17.165688  48.5250762
  14.4944062  11.1452301  35.8499024
  15.2885551  10.7182351  36.2823406
  14.6790804  11.2839334  34.8769394
  17.9375879  21.5092857  26.8110422
  18.6216308  22.0890697  27.2536885
  18.3136554  20.5922992  26.6779665
  10.7222538  22.4203415  43.0753871
  10.0592885  21.9449692  43.6537453
  10.8392566  21.91684  42.2193517
  7.17338439  2.24370171  27.0319195
  6.89267088  1.29521636  27.1788055
  6.48196907  2.85850741  27.4113386
  7.46223456  19.6445395  38.4289554
  7.99488845  18.9729826  38.9440195
  6.67517765  19.934293  38.973551
  6.91874332  17.0095344  50.1662379
  6.79005012  17.6276143  49.3907282
  6.07545592  16.9669126  50.7020081
  9.52364587  2.00509628  34.7982228
  9.13500973  1.43666734  35.5233783
  9.67026188  1.44824322  33.9806542
  0.560092751  12.3727296  45.6461099
  1.42475454  12.3868749  46.1482652
  0.745380914  12.3676915  44.6634386
  16.4991137  23.732296  38.1993119
  15.8524457  24.3729369  38.6133163
  16.9326812  24.1616476  37.4070515
  2.41191309  3.79671604  35.0564438
  2.68853416  4.45311226  35.7583161
  1.90050193  3.04989114  35.4815451
  20.7447226  3.92848585  49.4849165
  20.9530968  3.75982225  50.448313
  20.0886763  3.24659382  49.1614561
  18.684735  18.8323008  53.2251219
  18.9741525  19.7865762  53.299927
  18.2990062  18.6712146  52.3166811
  7.56007256  6.94376678  37.9983971
  7.06105012  6.10659134  38.2222584
  7.19767889  7.7026189  38.5395203
  1.02139943  11.9958569  50.9447366
  0.470142915  11.3108567  51.4210675
  0.471166596  12.4287084  50.2306754
  13.9638477  8.64489756  49.6776478
  13.8753129  7.66641092  49.8639955
  13.3402992  9.15481568  50.2702445
  7.95830038  2.98394196  38.2563235
  7.99053718  2.07815645  37.8338151
  7.8772414  3.68124085  37.5441411
  2.43411938  7.96868302  50.7190013
  3.09776008  8.189305  50.0042237
  2.90131914  7.91091724  51.6012641
  12.831597  6.60367419  43.7425085
  13.086816  5.99671147  44.4951435
  12.4241981  7.43906309  44.1114956
  8.02998854  21.1411661  34.4011801
  8.04700113  22.0306264  33.9444842
  7.47312829  20.5036834  33.8687119
  19.5608132  6.74306642  49.1590761
  18.7630627  6.30450191  48.7452461
  19.2694537  7.29739907  49.9387073
  13.953578  3.61169182  50.1468177
  13.1618159  3.91918567  49.6190296
  14.4873405  2.96561676  49.6012128
  6.45451989  23.9372217  27.7892014
  5.49267116  23.7032638  27.6473892
  6.59208022  24.2211728  28.7381212
  14.1628146  4.68826725  52.7998473
  13.4508856  4.13761659  53.2356695
  13.7797064  5.16063402  52.0060603
  21.2280188  16.7910987  49.6659156
  21.4601967  17.2711703  48.8199695
  21.8093284  17.1239878  50.4083872
  5.50494097  18.6814319  29.1769849
  5.89636298  19.4493189  28.6698969
  5.25666588  17.9525688  28.5389269
  10.6802549  10.4519237  29.7505177
  11.5012323  10.8793483  29.3719621
  10.3019535  9.80894  29.0845899
  10.9214107  18.2231141  34.7537361
  11.5551467  18.9497828  34.4885358
  11.324972  17.3338731  34.5383555
  13.4797518  10.2406136  51.6057533
  12.6152378  10.4245719  51.1380196
  13.855839  11.0968138  51.9599844
  8.63509357  12.3085033  34.2204063
  9.36207812  11.6555594  34.4329099
  9.01961122  13.2301506  34.1683238
  11.5793358  18.1201999  52.3884871
  10.8844912  18.0726747  53.1060751
  11.2679504  18.7341303  51.66314
  7.85231324  9.25308697  35.4148794
  8.83140244  9.05400164  35.4567045
  7.43568655  9.06522883  36.3043351
  12.2103038  7.81449721  35.2541162
  11.5469341  7.23974823  35.7332864
  11.7704343  8.24506369  34.4659999
  10.0075659  22.4107653  49.6327825
  10.5301755  23.2553468  49.7492354
  10.1863304  22.0306274  48.7252923
  17.0223555  9.6815032  52.863162
  17.5131041  9.75050343  51.9945971
  16.5437569  8.80455624  52.9068341
  3.90085499  19.4603075  51.3501229
  3.56865531  19.8568717  50.4943307
  3.64679955  18.4939579  51.3904256
  17.4267968  17.8458644  34.949704
  16.6676235  18.1027178  34.3516385
  17.4212311  18.4268437  35.7636032
  12.5490957  15.5885534  36.6508871
  12.716171  16.5547372  36.8472921
  12.491181  15.4546946  35.6615804
  17.8066045  10.538527  42.6866859
  18.4016618  10.7593598  41.9139377
  16.8963362  10.2993775  42.3487226
  14.7555335  22.0543427  35.802159
  14.3385434  21.4453907  35.1274022
  14.3823054  22.975886  35.6951131
  13.2544153  20.1538914  51.939122
  14.1221702  20.3276773  51.4735043
  12.9704296  19.2095202  51.7732453
  21.2752854  13.6040566  52.316411
  21.4262576  13.7473463  51.338313
  20.4186721  14.0420483  52.5891322
  18.0171765  21.9624348  53.5242195
  18.426215  21.5212955  52.7254181
  17.1145055  22.3185339  53.2826034
  11.1689729  3.33320696  38.8567386
  10.9682371  2.84654419  39.706953
  11.1451147  4.31894776  39.0233094
  1.81755105  12.7936964  29.1793838
  1.77349497  13.7008895  29.5977852
  1.21412431  12.1686223  29.6745187
  19.8812244  4.34932635  41.3829909
  19.1555649  3.72907471  41.6808265
  19.4916536  5.06286407  40.8006693
  10.8504014  11.9490651  27.5221354
  10.6681863  11.6034114  28.4426358
  10.2719555  12.7452066  27.3444868
  2.0757088  1.35082705  37.1648624
  1.12963469  1.17679208  36.8916306
  2.34905935  2.26236852  36.8576627
  19.2142033  20.9538422  37.9919902
  18.2336279  20.7600405  37.9617801
  19.7201948  20.1694884  37.6331563
  21.4533431  11.1096828  43.8385777
  20.5899799  11.347461  44.2836231
  22.2096433  11.2640875  44.4743207
  0.476271234  23.7899966  41.6378406
  0.304331292  24.774742  41.6645476
 -0.290705461  23.3061719  42.0593384
  10.6700885  15.3901769  52.5239486
  11.5754378  15.8139669  52.551238
  10.7293862  14.5069472  52.0587722
  2.83270461  14.7944679  53.1336006
  3.53393855  14.1553252  52.8177406
  2.63328077  15.4549187  52.409698
  18.6291982  22.6496503  50.5496782
  17.7386715  22.3566158  50.8976622
  18.5654854  23.5925725  50.2228169
  1.26471199  21.1178036  30.4665356
  2.11294602  21.6279182  30.3241204
  1.01092232  20.6500387  29.6199029
  18.5030295  5.38830467  43.8439394
  17.6658622  4.96314361  43.4998624
  18.5181855  5.33441402  44.8423712
  8.09703842  10.7696934  37.4513345
  8.68483904  11.11559  36.720003
  8.47687042  11.0345648  38.3376588
  3.98709257  16.9114157  26.8904572
  3.92242979  17.2584473  27.8260788
  3.07674655  16.653148  26.5670875
  14.248029  17.5180305  36.352914
  14.5615373  17.1702936  35.4692899
  13.3105767  17.854852  36.2649681
  5.53462098  22.3818671  49.7548536
  4.87266344  22.5038765  49.0153092
  5.90258891  23.2721803  50.0230737
  8.33316727  6.93052706  29.9020679
  8.19180507  6.25467841  29.1787108
  7.49531436  7.46098529  30.030973
  0.392269597  19.356718  37.3310781
  0.861393444  19.7473629  38.123113
  0.749445882  19.7714216  36.4941515
  14.2585647  14.8850988  46.043442
  15.0929646  14.8451273  46.5931502
  14.0670831  15.8351063  45.796824
  13.2345996  4.14109528  42.3120095
  14.0884464  3.96526874  42.8019387
  12.5725731  3.42337654  42.5278815
  4.15415167  14.9683388  50.9899001
  4.7815172  15.0323532  51.7659895
  4.14600406  15.8374341  50.4953226
  21.8689918  4.90301666  44.702699
  21.3465803  5.74199616  44.8550131
  22.067742  4.80655047  43.727408
  15.2368027  0.452556982  34.7149223
  14.6286346  1.1835111  34.405346
  15.3666477 -0.208425572  33.9758403
  22.0724771  11.9417437  30.3273575
  22.0364372  11.468102  29.4473775
  21.8968011  11.2892627  31.0645184
  14.5289827  4.80041417  28.5979127
  14.8562116  4.01815266  29.1279958
  14.7872669  5.6482983  29.0609264
  0.429138567  22.5567335  45.5205852
 -0.180468923  22.7259152  44.7461459
  1.27382212  22.1330189  45.1935139
  8.7577213  20.6023495  42.5804122
  8.60911226  21.5449837  42.8793372
  9.67627582  20.5158834  42.1946906
  16.0370242  7.07973814  42.4856421
  15.7301535  7.50508204  41.6342239
  15.4777799  7.41250357  43.2449266
  2.70507812  9.30275416  38.1778642
  2.48914959  8.93876786  37.271835
  3.57247077  8.91809125  38.4935609
  20.202344  8.95168092  38.1062709
  20.2702055  9.3893876  39.0028241
  19.7297931  9.56324426  37.4716955
  16.6253776  17.6550352  30.6609474
  17.5381631  17.6877311  30.2538189
  16.0823605  18.4241722  30.3239601
  5.0517685  11.9813175  52.1082004
  4.53686451  12.8307247  51.9925232
  5.93828561  12.0643199  51.6530104
  10.6264817  23.3802746  45.6388427
  10.0724883  24.2127895  45.6420565
  10.6674997  23.0107845  44.7105139
  5.30913548  8.73721655  41.4854901
  5.0212366  9.60639349  41.887542
  4.52883067  8.11299125  41.4471869
  15.4940945  20.7289731  30.7286371
  16.4531628  21.0083885  30.6826476
  14.9607773  21.2579977  30.0685569
  0.410611909  22.4478279  27.7690551
  0.476483604  23.4333262  27.6126774
  0.120482366  22.2784589  28.7109357
  5.88524683  11.7400794  42.1610393
  4.99424371  12.1407059  41.9474699
  6.58556178  12.1565635  41.5812981
  11.3215357  19.5310092  42.1048391
  12.1834041  19.0511616  42.2689403
  11.1641007  19.6061154  41.1201701
  2.25584719  23.8763329  42.9606458
  2.17857166  23.674431  43.9369983
  2.36069184  24.8623961  42.8314677
  20.4440586  15.4622555  29.9885467
  20.1320543  14.5344782  29.7838943
  19.866132  16.121866  29.5080107
  16.5065878  17.0858695  52.6745505
  16.1515018  17.5314813  51.8527571
  16.3191824  16.1046411  52.629054
  6.07691636  6.21115007  27.9240349
  6.28047897  5.2348023  27.8511837
  6.57477585  6.59843809  28.7000143
  5.62693078  12.9717628  49.7403445
  6.24027174  13.3284732  49.0356668
  4.91228248  13.6445137  49.9318752
  0.0930830976  21.1462765  51.8820371
 -0.698706927  21.4567216  52.4080526
  0.906350431  21.6482901  52.1762795
  3.52877431  21.1630297  49.3056064
  3.30578051  20.4660372  48.6240822
  2.7719117  21.8125787  49.3780295
  10.9405603  9.94584986  52.9789037
  10.6912404  9.25473762  53.6572867
  10.1818239  10.5865735  52.8614635
  0.114628188  2.92232054  29.5364653
 -0.1547996  2.35790516  28.7561807
  1.10982273  3.01932102  29.5498343
  2.42296047  1.29436068  52.1351933
  2.30451407  1.99682049  51.4333952
  1.71934335  0.592209548  52.0260753
  4.67606772  14.2939615  37.6387792
  4.08411892  15.0973364  37.7034737
  5.45424547  14.4026407  38.2573487
  12.1079428  13.4919338  43.5422669
  11.1577736  13.63417  43.8196609
  12.717991  13.9044544  44.2187785
  17.2329554  18.5900873  38.1504637
  17.8996019  17.8604621  38.3028769
  17.0603264  19.0689868  39.0111928
  11.2115471  19.796334  30.4084784
  11.3461762  20.2055057  31.3109492
  12.0986831  19.6668673  29.9655018
  18.9528094  4.40073225  35.0141314
  18.850383  3.86605954  34.1753026
  19.9191641  4.61443443  35.1572743
  9.53539997  14.2208984  30.8545298
  9.95801593  13.3224912  30.9739459
  9.72998058  14.5611511  29.9345479
  8.88715019  8.67729567  49.9226702
  9.41728533  9.18450118  49.2431856
  8.49562722  7.8608338  49.4982886
  13.1940209  0.0794121014  44.4821956
  12.5948865 -0.375118842  43.8230753
  12.9907927 -0.254254776  45.4027198
  17.5826643  20.4101055  35.8644877
  17.2152766  21.2264209  35.4187798
  18.0748757  20.6758957  36.6933927
  18.0769897  7.91650036  43.8294584
  18.6730384  7.1156714  43.8877581
  18.5257794  8.62731183  43.2878544
  21.3703779  21.1260811  35.2556465
  20.7926542  21.1520362  36.0714661
  20.9564028  20.5238029  34.5730884
  19.0440641  11.8998426  45.2032929
  19.3054867  12.7338474  45.689188
  18.6551636  12.1402384  44.31393
  19.9829614  9.99946211  29.4609779
  20.7978317  10.2728423  28.9498519
  19.2819861  10.7073449  29.3741702
  16.154424  6.46599546  50.7742337
  15.2387042  6.85911306  50.6910733
  16.0855566  5.53169825  51.1240136
  11.1794485  21.4826778  28.0463094
  10.8076208  20.6524511  27.6310168
  11.8816158  21.8688879  27.4481433
  18.1499199  9.42616291  50.5974776
  17.2281988  9.47063264  50.9827732
  18.11157  9.01091642  49.6885774
  13.8703283  13.5598065  37.4993363
  13.7138425  14.4949239  37.8172475
  14.2557648  13.0147446  38.2438806
  9.84367046  9.67249317  43.1276319
  10.4087905  9.11922325  42.5156418
  9.89225819  9.29961379  44.0542387
  19.2740114  12.8727463  49.1382843
  19.9290248  12.3771973  48.5678559
  18.5045163  13.1755307  48.5759686
  18.9831483  23.8876637  42.1856925
  18.5979556  23.2987201  41.4752195
  19.8968532  23.5622979  42.4291682
  8.05873833  14.3190557  36.2287145
  8.68767273  13.6801801  36.671749
  8.3888344  14.5272673  35.3080167
  1.20885417  15.216265  30.3069916
  1.360673  15.191035  29.3189054
  0.394056747  14.682288  30.5327653
  9.64670925  11.1196723  49.8334863
  10.1597077  11.113884  50.6918564
  8.84238071  11.7059941  49.9298314
  7.60379932  8.44113042  51.8198108
  7.04079466  7.70873718  51.4368932
  7.01227636  9.15301548  52.1983873
  13.7127865  22.767565  30.8066103
  14.0471801  22.8123952  31.747977
  12.7586611  22.468159  30.8057208
  21.7005007  2.31086176  42.1865926
  20.7374115  2.56948074  42.2612614
  21.9960204  2.39724453  41.2351693
  20.7101979  18.0614029  35.6585105
  20.3262056  17.1818308  35.3776141
  21.2617945  17.9361839  36.4831688
  3.27639357  4.83142616  51.7081315
  3.96732442  4.60186427  52.3936358
  3.40827682  4.26051017  50.8977849
  20.0356904  19.5185986  30.0096998
  20.2513101  18.6311723  30.4171095
  20.8770463  20.0474734  29.8982917
  18.7337804  0.695525045  49.3970335
  19.4920598  0.39593992  48.8180161
  19.0486969  1.41990518  50.0103043
  14.0363502  9.59622569  34.1574363
  14.7081247  9.53519947  34.8956738
  13.1504559  9.26767057  34.4849155
  1.5540849  12.5587343  43.1439732
  0.675865018  12.1577265  42.8833537
  2.21761352  11.829143  43.3095824
  3.16129673  16.6353067  30.2535081
  2.29548407  16.1656522  30.426115
  3.61370687  16.2207836  29.4638908
  4.55577634  20.3890569  45.1270441
  3.92960901  19.9556149  45.775151
  5.49677505  20.2751047  45.4456919
  8.01145188  10.3766967  30.3146681
  8.8971552  10.0973434  29.9438698
  7.77855688  11.2867091  29.971685
  17.8036082  12.091226  51.5475629
  18.5485433  11.5960419  51.100501
  17.243513  11.4491465  52.0710391
  17.5022204  11.5967617  30.9472579
  17.756924  10.7477226  31.4101387
  16.8449153  12.0986497  31.5094487
  2.51396172  7.23370463  30.3612771
  2.40772218  7.67403979  31.2528028
  2.84878238  7.90215882  29.6971505
  0.658838742  9.80536316  49.4115696
  0.0467813166  9.20423017  48.8977362
  1.5859872  9.43109414  49.3937246
  4.2152246  0.292040843  53.3407913
  3.81943808  0.161112546  52.4318298
  5.06695656  0.810061362  53.2620042
  18.1618186  10.5613065  36.208275
  17.4810984  11.276645  36.3661066
  18.6687678  10.7626927  35.3701543
  20.6315174  9.26166595  50.3312244
  20.3048742  10.204608  50.3957572
  21.5700682  9.20995181  50.6724695
  9.24469568  16.735149  49.457064
  9.95274679  16.1626767  49.0436162
  8.8554817  17.3386147  48.7611176
  3.54048541  21.7619336  27.3198906
  4.0041067  21.6724757  28.2013965
  2.56794181  21.9387365  27.471217
  0.290241122  17.4031198  45.3303564
 -0.137432192  17.6063637  44.4495684
  1.21338524  17.7871142  45.3491505
  12.9497741  13.0386602  35.0734909
  12.8825098  12.0485794  35.1968422
  13.6647441  13.4012177  35.6712952
  2.8963972  5.00839594  27.3759367
  2.03460842  5.39499961  27.0475198
  3.32214593  5.64311059  28.0208207
  1.38439319  20.1267837  27.3744807
  0.925076789  20.8258613  27.9224943
  1.50015753  20.4596651  26.438645
  22.0401391  5.3124253  51.6465072
  21.2180892  5.13231163  52.1866858
  21.7866368  5.77955885  50.79944
  10.3802122  6.2337179  42.2263218
  11.2494333  6.45165045  41.7825199
  10.2519205  5.24206417  42.2391332
  16.5743666  13.3253314  35.3153881
  15.9632922  13.0082966  34.5900764
  16.0355079  13.7473099  36.0444735
  4.67261689  11.7037608  45.3746933
  5.65598088  11.6413407  45.204109
  4.2660438  10.7918687  45.3185584
  6.78041649  22.4640066  47.5857162
  7.64637998  22.9411555  47.7355032
  6.47043987  22.0581274  48.44547
  12.6794395  7.55015387  27.5275934
  11.6919979  7.61894058  27.3853696
  12.9341027  6.58950039  27.6384604
  1.56810565  21.6755368  36.2901413
  0.812856634  21.0375105  36.1400698
  1.35125278  22.5545316  35.8654733
  12.1592027  18.6159912  37.184002
  11.4723613  19.2577833  37.5251059
  12.8951899  19.1228314  36.735186
  8.32556344  22.8236815  43.660987
  9.27011095  23.0836571  43.861593
  8.01228165  23.3094662  42.8449799
  8.05583485  23.6925853  50.1972623
  9.02642886  23.5945441  49.9774096
  7.68015809  24.4776251  49.7047386
  5.50082436  0.110317554  30.2963
  4.54082007  0.359757035  30.4234681
  5.68374258 -0.757486268  30.7583146
  10.5767459  11.7836623  45.0405087
  10.2495078  12.2743064  45.8480874
  9.8974129  11.1031233  44.7659664
  3.16993783  9.68924857  42.3222058
  3.12607546  8.6910917  42.2802659
  2.29703504  10.074134  42.0223661
  20.5463851  18.9777032  51.5182813
  20.9611657  18.0699434  51.455597
  21.2352446  19.6736491  51.3154709
  1.3848021  1.5003125  32.5502988
  2.28358713  1.15583441  32.8214453
  1.49849221  2.27149141  31.9239143
  1.38054172  4.50462535  32.7119661
  2.18137632  4.10115799  33.1545472
  1.66833063  5.26887557  32.1348187
  1.38150723  7.50156227  32.7077347
  2.16908799  7.15708418  33.2186666
  1.66529311  8.27274119  32.1378675
  1.36602279  10.5578944  32.7746444
  2.23828257  10.2001214  33.1080531
  1.53131512  11.3670593  32.2107911
  1.39311438  13.4904069  32.7272728
  2.36043372  13.3703898  32.9506318
  1.28970101  14.2588478  32.0957632
  1.3857523  16.4280171  32.7268375
  2.29581244  16.083539  32.9573274
  1.47118393  17.1991961  32.0959774
  1.38838074  19.4433065  32.7268968
  2.34399677  19.258592  32.9564153
  1.340807  20.2176692  32.0959459
  1.38573822  22.503309  32.9899455
  2.29475997  22.1340273  33.1831051
  1.47246103  23.3239147  32.4250692
  4.16279923  1.48845371  32.5436866
  5.12267174  1.26073989  32.7073669
  4.10568454  2.35482817  32.0475682
  4.25595424  4.5034345  32.6961746
  5.04601237  4.18398042  33.2193928
  4.54817591  5.20495605  32.0461945
  4.15700848  7.50154605  32.7252585
  5.06029331  7.15686975  32.9807479
  4.25998421  8.27321207  32.097622
  4.14988585  10.5185965  32.7142249
  4.86794765  9.96134828  33.1311922
  4.56539049  11.209251  32.1223195
  4.15487736  13.5019864  32.5955357
  5.01798124  13.1495087  32.9572142
  4.33612419  14.2959208  32.0151754
  4.15294729  16.5349432  33.0015459
  4.9822578  16.115452  33.3706953
  4.40248422  17.2966952  32.403662
  4.15337594  19.5163425  32.5416193
  4.96601122  18.9902256  32.7922686
  4.41192641  20.2496595  31.9128127
  4.15287835  22.5015048  32.9449155
  5.00748599  22.00272  33.0893434
  4.3391106  23.4838601  32.9277114
  6.92645244  1.47700711  32.7153687
  7.78066611  1.12511663  33.0981117
  7.12165748  2.26926112  32.1372438
  13.9245982  12.2759058  31.094075
  13.4776525  12.9785526  31.6477238
  14.6957167  12.6798323  30.6019167
  6.92802151  7.36842522  32.7216374
  7.81930116  7.01547736  33.0063277
  7.05811514  8.16370611  32.1295193
  6.89604666  10.4960033  32.7083346
  7.78107631  10.0854951  32.9278923
  7.0307759  11.443739  32.4191201
  6.87295695  13.5031729  32.5270148
  7.78253757  13.1527817  32.7503739
  6.95845323  14.273813  31.8955053
  9.63003498  20.2438325  36.9434368
  9.61323909  20.7903739  36.1061732
  8.71639041  20.2281857  37.3496495
  6.92778487  19.4802287  32.4487918
  7.81555116  19.1202407  32.7356364
  7.06562213  20.2736759  31.8559658
  6.93179612  22.5060648  32.4083521
  7.85935818  22.1691105  32.569878
  6.95814157  23.2450857  31.735185
  9.91392959  1.4965774  32.7244995
  10.8346533  1.21311604  32.9926738
  9.9736591  2.27349972  32.0977427
  9.69033989  4.50093734  32.7235452
  10.3453621  4.15645927  33.3960635
  10.0931733  5.27211625  32.2305865
  9.65399521  7.50156219  32.6486031
  10.3987988  7.15708407  33.2200948
  9.98186818  8.27274109  32.1029088
  9.7015052  10.5034378  32.7160173
  10.6133416  10.1713495  32.9574129
  9.78199592  11.2398747  32.0443167
  13.4716236  23.6199262  50.2498714
  12.6788518  23.0245121  50.1195071
  14.2910572  23.0609359  50.3765935
  17.8897511  23.5382913  35.5762502
  17.4949467  22.6690041  35.8736878
  17.5527596  23.7618394  34.6616667
  9.58132491  19.4792057  32.5840161
  10.4931614  19.1347277  32.8073752
  9.66181579  20.2503847  31.9525066
  9.70078491  22.4969046  32.4067482
  10.6046998  22.1637209  32.6749394
  9.80207215  23.2363915  31.7412409
  13.5786437  18.0487981  30.5985645
  12.6068569  18.2459831  30.4691482
  13.6867588  17.3646698  31.3198686
  12.4723204  4.50109417  32.7247342
  13.3680468  4.09785554  32.912012
  12.5875717  5.32823055  32.1746774
  15.1767054  18.8267139  28.6548415
  15.1084603  18.6705966  27.6694635
  14.2993057  19.158596  29.0012862
  12.3011384  10.4939194  32.4460335
  13.2005474  10.1181878  32.6693925
  12.4081871  11.2618623  31.8145239
  12.4694509  13.515013  32.7269174
  13.2821362  12.9700704  32.9332678
  12.7190308  14.2685812  32.1187686
  12.4838119  16.4869001  32.7270067
  13.4569051  16.4517884  32.9547277
  12.3163032  17.2442851  32.0958897
  12.544436  19.5066499  32.7736454
  13.4450133  19.1993606  33.0811095
  12.6540001  20.1943805  32.0559947
  12.2958096  22.5237555  32.7215699
  12.9905283  21.81895  32.8651507
  12.7111492  23.3144343  32.2717702
  12.4042933  19.1392194  27.9825537
  11.6541798  18.6101751  27.5857645
  13.0864267  19.3312542  27.2769924
  18.9459342  12.4987395  42.5396698
  18.5967178  13.4356501  42.5553704
  18.5595931  12.0121105  41.7561312
  15.2413778  7.54916066  32.6495849
  16.0634765  7.02012071  32.8599903
  15.4803246  8.31109811  32.0476249
  14.4643803  8.8787996  43.1551932
  14.9968264  9.71462449  43.2889767
  13.7212829  9.0566502  42.5100766
  15.2428883  13.5090573  32.9826093
  16.1088702  13.0561487  33.1946215
  15.410954  14.2770396  32.3645823
  15.2452225  16.5034369  32.8945856
  16.157059  16.1589588  33.1179446
  15.3257134  17.2746159  32.2630759
  15.2320613  19.4455487  32.7302172
  16.1438977  19.1334766  32.9969857
  15.312552  20.1268703  32.0026719
  15.2412106  22.5478275  32.7115449
  16.0620413  22.2014428  33.1656974
  15.4844146  23.324405  32.1303569
  18.0170811  1.49933661  32.6507636
  18.9289175  1.14541942  32.858843
  18.0975719  2.2973969  32.053586
  18.0214027  4.44531196  32.5830812
  18.976772  4.22621462  32.7812374
  17.9811183  5.21801573  31.9495941
  17.9028597  7.49980205  33.0536251
  18.8252283  7.18460818  33.2769842
  17.9586912  8.27315745  32.4221156
  18.0312957  10.5139369  33.129938
  18.9261645  10.1826643  33.4290506
  18.1538148  11.2560344  32.4709385
  3.56177949  2.66613402  28.2561113
  3.04672152  2.11753418  27.5975116
  3.77100482  3.55818372  27.8555216
  18.0144637  16.5001011  32.8827647
  18.8769829  16.1169699  33.2133267
  18.1910555  17.3695563  32.421394
  18.0170811  19.4610715  32.7272728
  18.9289175  19.1165934  32.9506318
  18.0975719  20.2322504  32.0957632
  3.78940716  11.4834742  28.9885967
  3.66735192  11.7591278  28.0351201
  4.76464866  11.3775052  29.1826961
  20.7889397  1.50032997  32.4649505
  21.7007761  1.15602333  32.6885737
  20.8694305  2.27102443  31.8328497
  20.8220935  4.49909652  32.8023703
  21.7449255  4.18526246  33.0257293
  20.8767849  5.2725334  32.1708607
  20.7885468  7.49848852  32.7223669
  21.696295  7.1210376  32.9054627
  20.8801483  8.35757848  32.2188059
  20.8046198  10.5021871  32.7272728
  21.7164563  10.157709  32.9506318
  20.8851107  11.2733661  32.0957632
  20.7911929  13.502812  32.7321243
  21.7192921  13.1583338  32.8734281
  20.8151495  14.2739909  32.0959568
  20.7889397  16.5015279  32.841275
  21.7007762  16.1049387  32.9474422
  20.8694305  17.4299364  32.4785371
  20.7875634  19.5069066  32.7266742
  21.6783979  19.116968  32.9598304
  20.9136566  20.2726972  32.0960671
  20.7844885  22.5792148  33.0525353
  21.6225273  22.0765451  33.264701
  21.0183356  23.447566  32.6151777
  1.37320986  1.50138611  39.7815575
  2.28504632  1.16752602  40.0204964
  1.45370067  2.24275842  39.1153081
  1.44851932  4.5000527  40.2671901
  2.37157749  4.1470088  40.4199113
  1.49168944  5.29560873  39.6628499
  1.38653549  7.50312084  40.0028626
  2.30659635  7.21037158  40.2632201
  1.44796823  8.19471349  39.283192
  1.38674222  10.5014784  39.9949453
  2.30567937  10.1515613  40.176914
  1.44560399  11.2907628  39.3837452
  1.38271959  13.5124298  40.0000001
  2.22413225  13.0203571  40.2233592
  1.59100491  14.2592985  39.3684906
  6.71849749  0.656748033  42.8812131
  6.07194647  1.09526079  42.2569709
  6.21488458  0.174915284  43.5982984
  1.38491333  19.575841  39.9787491
  2.27487535  19.1695768  40.1859132
  1.50543769  20.5402173  39.7432657
  1.51972198  22.4913862  40.0000001
  2.48911179  22.3894346  40.2233591
  1.40199202  23.2577643  39.3684906
  4.15395329  1.50045865  39.9865406
  4.98782926  1.15741253  40.4189411
  4.38094433  2.26759329  39.3865576
  4.15778797  4.44151695  40.0056257
  5.06962437  4.0579061  40.1519031
  4.23827873  5.32783236  39.5495923
  4.07951906  7.44591162  39.9734776
  4.79805248  7.08319861  40.5668991
  4.43970273  8.21531938  39.4459556
  4.15778803  10.4999534  39.9974086
  5.06962443  10.1342224  40.1839434
  4.23827879  11.3323087  39.4490419
  4.24014349  13.2292663  39.9996208
  5.15197993  12.88131  40.2175215
  4.3206343  14.0103051  39.3803471
  4.1604026  16.5019465  40.
  5.08120801  16.1822149  40.2233591
  4.22004115  17.2750176  39.3684905
  3.94383731  19.3004567  39.99228
  4.85567371  18.9067296  40.1086134
  4.02432805  20.2192274  39.6057809
  4.18825287  22.5060356  39.8975847
  5.0940982  22.1497718  40.126758
  4.28180376  23.2648893  39.2530776
  6.92710652  1.49804292  40.2843468
  7.78863506  1.17535932  40.6763213
  7.10330657  2.28799199  39.697036
  6.92535764  4.51802323  40.0061511
  7.70607325  3.93800291  40.2386584
  7.21362779  5.21935871  39.3542087
  5.09596485  11.4401695  37.6309254
  4.21429905  11.5994061  38.0751203
  5.58157051  12.3088458  37.5330034
  6.92792918  10.5113886  39.7038239
  7.80515948  10.1158038  39.975816
  7.07372175  11.1692101  38.9648953
  6.92318903  13.5674372  39.9594487
  7.64446923  12.9868669  40.3371961
  7.30965557  14.4521867  39.6989452
  6.92916864  16.507464  40.019566
  7.83599405  16.2093097  40.3175118
  7.02321312  17.1603399  39.2679619
  12.7590326  1.09516451  47.0861536
  13.6289797  0.857738965  46.6539255
  12.2260065  1.67230683  46.4674534
  16.4905215  21.7397136  51.1695383
  15.597947  21.2889707  51.1576402
  16.3780779  22.7077688  50.9454277
  9.70000789  1.50346015  40.0021024
  10.619705  1.15898204  40.1904961
  9.75633697  2.27463906  39.3679808
  11.257585  13.990801  49.8197243
  10.9563248  14.9425369  49.7610642
  11.2498359  13.6970457  50.7755735
  9.6852973  7.50741693  40.0062315
  10.6031743  7.2108522  40.2699575
  9.74708441  8.12603814  39.2229754
  9.69935862  10.3676519  39.956887
  10.1299579  10.1218228  40.8253064
  10.2994539  10.9872218  39.4509038
  9.70083713  13.5032004  39.9987336
  10.6049608  13.1524551  40.2427385
  9.80098199  14.2737045  39.3692145
  9.70034386  16.5071019  40.248792
  10.5856618  16.0779391  40.4277654
  9.82811155  17.2974586  39.6496162
  9.58602743  19.5058367  40.0004392
  10.4894807  19.1446285  40.2313095
  9.68472703  20.2620216  39.3535676
  9.69976284  22.5024117  40.2906775
  10.6222461  22.1740564  40.4936742
  9.75531269  23.3141825  39.7093493
  12.1988329  1.50194917  39.9995874
  13.0974723  1.12093512  40.2170167
  12.3075609  2.28041057  39.3813835
  2.8228184  22.9611378  30.0870238
  2.84787632  23.0251909  31.0846557
  2.13596601  23.5939415  29.729542
  12.4733639  7.50156222  40.2586608
  13.3852003  7.15708409  40.4820198
  12.5538547  8.27274109  39.6271512
  12.5049521  10.4516137  39.6272694
  13.4284217  10.0715757  39.5745923
  12.4766746  11.3268772  39.1444503
  12.4297278  13.502812  40.0702573
  13.2443938  13.1583339  40.5367915
  12.6815209  14.273991  39.4855495
  12.4711183  16.5161995  40.1691155
  13.3293819  16.0867471  40.4501035
  12.6453194  17.1442393  39.410683
  12.467013  19.514525  39.514339
  13.2531629  19.0047896  39.8638219
  12.7867016  20.2639446  38.9345376
  12.4877815  22.4990721  39.9427236
  13.3856587  22.0665393  40.0247715
  12.6023077  23.4586589  39.6856692
  15.2437636  1.50812762  40.2904184
  16.1124965  1.04941683  40.4772005
  15.3934334  2.25385461  39.6411955
  15.2151417  4.6210239  39.9946168
  16.0820001  4.22982337  40.3036777
  15.3961958  5.38364252  39.3736239
  15.2389492  7.50700706  39.9811478
  16.0257316  6.95068588  40.248506
  15.5566184  8.39270952  39.642596
  15.3092979  10.5092414  39.7839059
  15.9184097  10.0550959  40.4340865
  15.7952284  11.2640024  39.3432162
  15.2417743  13.5027734  39.8149282
  16.0900678  13.158928  40.21763
  15.4474396  14.274008  39.2125171
  15.2445042  16.5034636  40.
  16.1451404  16.1306833  40.2233591
  15.3490341  17.2717534  39.3684906
  15.2421215  19.5040617  39.9901071
  16.1019294  19.1595836  40.3670225
  15.4300672  20.2752406  39.3818641
  15.2425693  22.4689  40.0052532
  16.0446095  21.962824  40.3224577
  15.4802782  22.9907511  39.186006
  18.0167693  1.50050506  39.987389
  18.9187867  1.09962893  40.1475856
  18.1126516  2.32463928  39.4291691
  17.9421601  4.51759184  39.9769078
  18.7551383  3.99543101  40.2346185
  18.1789759  5.1687773  39.2558837
  17.9453957  7.49062607  40.2899009
  18.8467019  7.11946829  40.5132599
  18.048542  8.25910286  39.6583913
  18.0129954  10.5021871  39.9843123
  18.8318211  10.1577091  40.4435065
  18.2595236  11.2733661  39.3973653
  18.0156579  13.496554  40.2237379
  18.8913995  13.0500029  40.4072284
  18.1576809  14.4816584  40.1267895
  18.0132326  16.5358073  40.0000001
  18.8290162  16.0023207  40.2233591
  18.2585637  17.27134  39.3684905
  18.1024314  19.5633805  40.0859315
  19.0159278  19.1885618  40.2441567
  18.1781529  20.4262131  39.5861451
  18.0170811  22.5031433  39.9420877
  18.9289175  22.1438421  40.1407257
  18.0975719  23.3167318  39.3662448
  20.7882368  1.500364  39.9982683
  21.692447  1.15639006  40.2514205
  20.8889178  2.27011817  39.3679176
  21.8368489  1.3943246  35.0218165
  21.3970992  1.86992166  34.2599584
  21.3170228  1.55643867  35.8605654
  17.9069616  13.5587359  31.712376
  17.7952293  14.322057  32.3486596
  18.6630646  12.9792394  32.0165011
  20.7845754  10.6063065  39.9813845
  21.5799291  10.2618284  40.4801303
  21.0595541  11.3774854  39.4072158
  6.72455398  7.70232453  44.3595946
  6.86856801  7.1460094  43.5411978
  7.60948378  7.95551129  44.7504856
  20.7741025  16.5373791  39.9923314
  21.6476485  16.1929011  40.3362097
  20.9387343  17.3085581  39.3773684
  20.7881267  19.4989535  40.2115841
  21.6909972  19.093366  40.3541452
  20.8921169  20.4225443  39.8425773
  20.7889398  22.5057975  40.0011076
  21.7007762  22.1723105  40.2405671
  20.8694306  23.2461295  39.3337024
  1.38621735  1.49965347  47.2830451
  2.30208851  1.16605053  47.5064041
  1.45752555  2.2717356  46.6515356
  1.57477974  16.8999825  26.3649654
  0.748876775  17.3917386  26.6407556
  1.56129923  15.9799346  26.7565395
  1.42321804  7.49830108  47.268255
  2.33344231  7.12168937  47.4404627
  1.5081996  8.35990221  46.7678335
  1.64470446  10.4924181  47.0570589
  2.59221603  10.2114271  47.2095906
  1.6303156  11.3747178  46.586591
  1.38228722  13.4855998  47.5482785
  2.19753454  13.1610462  48.0279
  1.62446537  14.2629611  46.9677104
  1.40015141  16.4662725  47.2711148
  2.32939513  16.1941052  47.5209771
  1.43801968  17.2426  46.6419237
  1.38592941  19.5123719  47.2790327
  2.29776581  19.2547105  47.5986653
  1.46642021  20.0482002  46.4385511
  14.3298734  17.385521  42.8516913
  14.207318  18.3766009  42.904043
  14.6781081  17.0461131  43.7254961
  4.16234531  1.50031247  47.3969769
  5.09860043  1.15583435  47.4659793
  4.13696156  2.27149133  46.7608648
  4.15777402  4.50027259  47.2719763
  5.06947336  4.14931437  47.4855945
  4.23865187  5.28981358  46.6636312
  4.15778798  7.10623192  47.289799
  5.06962442  6.76175385  47.5131581
  4.23827883  7.8774109  46.6582895
  3.97995351  10.5200637  47.6216841
  4.74523132  9.91635787  47.8450431
  4.28952399  11.2309518  46.9901745
  4.15480498  13.502812  47.1416071
  5.01794657  13.1583339  47.5108245
  4.33730805  14.2739908  46.531709
  4.157788  16.4048409  47.2727273
  5.06962444  16.0603628  47.4960863
  4.23827884  17.1760199  46.6412177
  4.15778802  19.4778394  47.4110726
  5.06962448  19.0815333  47.5182917
  4.23827886  20.4052822  47.0458726
  4.17108946  22.5811795  47.2727273
  5.14538456  22.6105035  47.4960863
  3.95137702  23.3247668  46.6412178
  6.92534702  1.56709421  47.371058
  7.71613406  0.997211175  47.594417
  7.20373584  2.2907622  46.7395484
  7.72661763  8.2674064  41.8288139
  8.57071751  8.80359233  41.8289817
  7.33797235  8.25788879  40.9074756
  7.10449605  7.49393499  47.2011823
  8.00218306  7.28215941  47.5875878
  7.18584631  8.26873747  46.5742347
  6.92677015  10.5119933  47.2736792
  7.7717823  10.0234571  47.4911348
  7.12549814  11.2519585  46.6310606
  6.92471217  13.5743456  47.2699003
  7.72686748  13.0412695  47.5389299
  7.20307968  14.3022335  46.6432498
  6.92601441  16.5149236  47.2727273
  7.75140554  15.9964254  47.4960864
  7.15787086  17.2548144  46.6412178
  6.93577993  19.4923848  47.2715943
  7.90022814  19.3282535  47.4787188
  6.85403408  20.2919248  46.6765704
  18.2319469  2.45367239  27.9422875
  17.7355692  2.27017116  28.7907782
  17.6022057  2.82914362  27.2622526
  9.70150523  1.49356792  47.394415
  10.6133416  1.09096044  47.474799
  9.78199604  2.44342651  47.0922725
  9.70363368  4.49663969  47.1979199
  10.6054901  4.09882486  47.3664388
  9.8100827  5.39797105  46.7780742
  9.70075408  7.49666134  47.5088108
  10.6011936  7.06894906  47.5880001
  9.80606747  8.43867154  47.1901795
  9.6972365  10.5017714  47.2468557
  10.5015552  10.0150029  47.587631
  9.96154265  11.4226706  46.9603478
  9.70427922  13.1919398  47.4191147
  10.5871548  13.0380786  47.8628011
  9.76414963  13.9959873  46.8275717
  9.72547577  16.0579095  47.2727273
  10.6373122  15.7134315  47.4960863
  9.80596659  16.8290885  46.6412178
  9.7014267  19.3556016  47.2706038
  10.6125173  18.9948866  47.4700998
  9.78406615  20.1732943  46.7009116
  3.31440564  14.4494296  41.8476874
  2.47883203  14.0582617  42.2334391
  3.65912818  13.851528  41.12403
  4.5196381  8.99432602  45.5005333
  3.52855825  9.00387529  45.3676065
  4.78647389  9.76874803  46.0741788
  15.3226857  3.62286514  32.288937
  16.0751915  3.74559588  32.9359857
  14.4840038  4.00536806  32.676628
  12.4722243  7.53714047  47.2727274
  13.365413  7.14685227  47.4960864
  12.59173  8.30324357  46.6412178
  12.4733638  10.5021871  47.2727273
  13.3852002  10.157709  47.4960864
  12.5538547  11.273366  46.6412178
  12.4732574  13.511727  47.339676
  13.3854323  13.2029702  47.6091313
  12.5553116  14.2854529  46.7114916
  10.4757426  14.8585638  42.750129
  9.5334331  15.1887618  42.8051032
  11.0024597  15.2245242  43.517359
  12.472594  19.5040617  47.4156921
  13.3759973  19.1595836  47.6710299
  12.5752784  20.2752407  46.7874094
  12.4733638  22.5147714  47.3649392
  13.3852002  22.1702934  47.5882982
  12.5538546  23.2859504  46.7334296
  15.260835  1.79604738  46.8761452
  16.252407  1.73750201  46.9917186
  14.9825384  2.75649256  46.8663457
  15.2452225  4.5009374  47.6550423
  16.1570589  4.15645936  47.8784014
  15.3257133  5.27211636  47.0235328
  15.206072  7.50156221  47.2063207
  15.9352773  7.15708409  47.797586
  15.5484653  8.27274108  46.6696178
  15.2452806  10.5027533  47.1979581
  16.1579497  10.167391  47.4315545
  15.3239008  11.2546963  46.5434349
  6.81586131  23.459575  52.5155095
  7.59527746  23.3253676  53.1274726
  7.14624799  23.6996278  51.6027011
  15.2476475  16.6452567  47.4297756
  16.187135  16.370762  47.6347533
  15.2571444  17.4193499  46.7967751
  15.2583404  19.5040618  47.2804391
  16.1927585  19.1595837  47.3709803
  15.2476098  20.2752407  46.643911
  3.31462746  6.13654001  35.8382714
  4.2825219  6.17425278  35.5897597
  3.22884834  6.02035964  36.8277885
  17.8629125  1.58428028  47.1519975
  18.6714387  1.16566428  47.5655747
  18.0660645  2.5327916  46.9089841
  18.0404245  4.6106134  47.4072626
  18.9867471  4.84424687  47.6306217
  17.6691981  5.29133857  46.7757531
  18.0171158  7.50156221  47.2728115
  18.9292901  7.15708415  47.494787
  18.0966486  8.27274119  46.6411806
  18.0128248  10.4934438  47.2937886
  18.8094926  10.2594469  47.8510731
  18.2845599  11.1353202  46.5767427
  2.53596352  9.48899111  30.7734352
  1.58581149  9.24463116  30.9670826
  2.93753334  9.92836735  31.5769837
  18.0125693  16.5034369  47.4151653
  18.7679329  16.1589588  47.9726244
  18.3301769  17.2746158  46.863433
  18.0170811  19.5024668  47.2709337
  18.9289176  19.1426805  47.4686917
  18.097572  20.3174623  46.6970839
  0.148922731  18.9676823  49.2481285
 -0.488010622  19.5956978  49.6952442
  1.01799499  18.9661655  49.7428114
  20.784763  1.50633268  47.2669633
  21.6288007  1.06576381  47.5727404
  21.0077062  2.26599917  46.6560598
  20.7836545  4.6871538  47.0743173
  21.5587763  4.11205416  47.3359403
  21.0953255  5.40205966  46.4484012
  21.0643258  7.49623173  46.9715447
  21.9936898  7.21776494  47.2139056
  21.1015306  8.29667547  46.3732925
  20.7883431  10.5011651  47.3674437
  21.6938126  10.1448867  47.5980752
  20.885865  11.3024135  46.7771131
  20.7819365  13.5358905  47.2304701
  21.4663124  13.0701962  47.7915037
  21.2150596  14.285895  46.7305724
  8.15767105  23.6948089  35.0619696
  7.67318727  24.3740376  34.5106767
  8.22670666  24.0190705  36.0054146
  20.7889397  19.5043389  47.2730135
  21.7007761  19.1625788  47.5005097
  20.8694305  20.2678478  46.6322519
  20.7107717  22.5172888  47.2861854
  21.5346758  21.9508339  47.2685512
  20.8206688  23.2851985  46.6551248
  16.3383461  4.75907218  30.3905869
  17.3065263  4.98590261  30.2848755
  16.1730261  4.42826727  31.3196926
  3.41889269  20.347174  29.5626735
  3.16192381  20.0266495  28.6509548
  3.29420123  21.3379849  29.6150755
  12.8101448  16.6230487  27.5004611
  13.1876571  17.1574019  26.7441866
  12.9849582  17.0971245  28.3634167
  10.5596579  1.04389747  42.9391253
  9.95820257  0.251126697  42.8403025
  10.0546864  1.79427785  43.3656614
  18.7843475  14.1902972  52.7188998
  18.9963416  14.0976803  53.6917721
  18.3651725  13.3451629  52.3871766
  4.80615714  1.83479855  37.2533754
  4.75483211  0.845264974  37.3882422
  3.91209545  2.1789275  36.9666194
  10.5078601  7.3079408  52.3804021
  9.79049471  7.99857778  52.4720942
  11.3122181  7.59149251  52.9025196
  8.57357269  16.2852568  52.4537135
  8.10855596  15.726338  53.1402768
  9.53556638  16.0172065  52.4015866
  14.2686376  21.2062378  45.2177499
  13.4323995  21.4815103  45.6920187
  14.9607812  21.9206147  45.3207198
  5.59764173  20.0951492  27.1290865
  6.01115288  20.545765  27.920259
  5.35235923  20.7819158  26.4448437
  9.69299915  16.5174417  32.9881869
  10.1670125  16.6956042  32.1258821
  9.9654084  17.2007062  33.66564
  0.0758272806  13.3684515  35.038861
 -0.607951005  13.0378108  34.3883812
 -0.242123735  14.2219821  35.4516476
  0.167835513  15.9710282  42.5784466
  0.464543433  15.0358059  42.7716399
 -0.614803037  16.1987992  43.1577541
  18.1558715  3.56319092  52.0242468
  18.9152972  4.02816522  52.4792979
  17.9260517  4.04773168  51.180207
  1.23873875  18.7095269  29.2802065
  1.60978328  19.0862847  28.4314547
  1.98980889  18.4782525  29.8985961
  7.32886392  3.29403224  44.6592588
  8.09229541  2.67666845  44.8490858
  6.89813897  3.0354359  43.7946178
  12.8089498  13.9699537  28.3076379
  12.032365  13.6427082  28.8459932
  13.2701078  14.7069735  28.8017381
  19.1530498  21.1202006  45.8580955
  18.7222264  21.2031607  44.9594805
  18.9601155  21.9400431  46.3972008
  11.5132805  3.34298587  45.4440893
  12.1630263  3.76284295  44.8104092
  10.7713647  3.98567083  45.6351833
  15.7255171  0.878525039  49.7902835
  16.3101445  1.68518179  49.8769773
  14.808786  1.09353873  50.1269925
  0.0181605531  16.1414484  52.1275822
  0.611762413  15.7728798  51.4121843
  0.573769174  16.6174944  52.8092559
  12.471896  21.4627744  49.7404661
  12.8197264  20.9667951  48.9448414
  11.8730229  20.8631866  50.2713572
  8.18093134  12.6443981  52.0584583
  7.64476234  13.4209571  51.7275823
  8.26633328  12.698052  53.0533591
  8.76835296  5.67439532  27.0204963
  7.84803958  5.9487135  26.7416185
  9.44233631  6.12663394  26.4363502
  19.9332844  12.1708304  37.052256
  19.1878187  12.5877791  36.5322228
  20.8051945  12.5605456  36.7557854
  22.0540787  4.68489414  35.6584179
  21.3464793  4.60880954  34.9559123
  22.9121932  4.30836624  35.3093246
  10.0383198  3.32996015  29.9697695
  9.84957854  2.5838207  29.3312927
  9.86763822  4.20592342  29.5185976
  21.6455638  1.60174787  52.7926256
  21.0102358  1.75368133  52.0354767
  21.4445665  0.722806383  53.2251322
  15.2146578  4.53852606  34.6588631
  14.9062649  3.69782698  34.2137576
  16.203391  4.63354133  34.5431956
  9.57888628  7.40073119  35.3970946
  9.08658068  7.78172382  36.1797055
  8.99192537  6.74617207  34.9206187
  15.8952985  7.43854041  29.1108796
  14.9509958  7.11076594  29.081616
  16.0149455  8.04023536  29.9005934
  2.41894886  17.3435578  41.8184738
  1.92918372  16.5832493  41.3917876
  2.81060977  17.0418397  42.6877079
  21.0035697  1.32084727  37.5951852
  20.8517659  0.667702787  36.8533241
  20.2853213  1.21670953  38.2831348
  3.4333986  20.5974542  34.9401453
  3.24725568  20.0484677  34.1253051
  3.20490144  20.0687394  35.7576107
  18.3960156  4.53084801  28.9826689
  18.0146597  4.17893841  28.1278431
  19.2536625  4.05793979  29.1846579
  10.5310476  23.953691  52.6181249
  10.1441471  23.1268987  52.2098082
  9.89664132  24.3166541  53.3006103
  2.860069  18.0745818  36.7047599
  2.60606555  18.0304457  37.6709557
  3.63702896  17.4679809  36.5363306
  17.3817874  14.1860571  29.2080185
  16.7012142  13.531705  28.8784073
  17.65227  13.9446615  30.1399881
  20.1353204  4.58568249  52.9116195
  19.7507624  5.10257248  53.6764331
  19.8151567  3.63928831  52.9544364
  14.7629661  20.0532983  50.0082092
  15.2083792  19.7965312  49.1504926
  14.8732462  19.3160619  50.6747832
  17.9519166  5.17725383  50.6261476
  17.5686285  4.81440862  49.776775
  17.3849513  5.93421301  50.9510525
  9.17563211  13.8552474  27.5845078
  8.77499975  13.0451552  28.0125784
  9.61062514  14.4215139  28.2845959
  20.2409279  9.39426018  42.059129
  20.0563779  9.3460465  43.0407688
  20.334042  8.46890611  41.691638
  5.06987203  20.3439774  41.9040107
  4.86057735  21.2624639  42.2395376
  5.46058012  20.4056265  40.9855628
  2.75480204  14.3536145  49.2057799
  3.33142325  13.7065879  48.7069166
  1.85690475  13.9440859  49.367232
  17.2051622  14.6594853  49.5387307
  18.0335995  15.1116672  49.8692199
  16.7853697  15.2156727  48.821493
  7.35722059  2.98639918  35.3027748
  6.80025142  3.7892019  35.5155966
  7.64510578  3.0246148  34.3458726
  10.7516144  23.6949903  35.9842732
  10.2584532  24.4503254  35.5526937
  11.0565149  23.0515757  35.2820957
  2.17706635  19.3180118  43.7662498
  1.90398534  18.3582577  43.8318163
  3.15641386  19.3733613  43.5717894
  6.26292513  14.5001669  29.7203797
  5.71523002  13.6942284  29.495673
  6.10515149  15.2118271  29.0358016
  14.5249738  8.17911453  36.7300979
  15.3037054  7.68283705  37.1138762
  13.9543966  8.52971854  37.4727407
  2.29486749  23.8433862  45.5256112
  2.08330457  24.797358  45.3130584
  1.74632227  23.2427418  44.9439546
  14.301895  21.1485664  27.4672878
  14.1365364  21.081889  28.4512648
  13.4273167  21.1977899  26.9849084
  10.5779399  21.0756489  52.0443728
  11.0352288  21.6861884  52.6910013
  9.71245261  20.763238  52.435948
  15.2472979  13.5254402  27.6568466
  16.1201706  13.0826253  27.4518875
  14.6105921  12.8504907  28.0297394
  16.1081122  23.1524454  47.9777617
  16.439225  23.8425124  48.6213236
  16.316274  22.2402914  48.3308109
  0.805955778  3.66603996  37.9487192
  0.373800023  2.84678536  37.5718064
  1.1827511  3.45877605  38.8515299
  5.97211007  21.0366273  36.3530988
  6.70215191  20.923802  35.6790741
  5.41512511  20.2066528  36.3832653
  20.3575438  14.6335099  43.9112127
  20.5120369  14.8130803  44.8827507
  21.2046547  14.7923081  43.4040771
  9.27605105  3.06003751  52.3126567
  10.1810217  2.73739216  52.0352974
  9.04542902  3.88702166  51.7999085
  9.09454628  13.7037298  45.0521115
  9.25453784  12.7405383  44.8360911
  8.16334393  13.8174328  45.398426
  3.01439491  4.18746333  49.3736555
  3.38390603  4.86025646  48.7327102
  2.24293941  3.71244609  48.9503176
  8.56523488  9.1603309  27.4314273
  8.5482052  8.69856073  26.5445911
  8.30313102  10.1181476  27.3135765
  13.4895963  7.60403633  51.9106885
  14.0225029  7.08837758  51.2397886
  13.2671911  8.50507115  51.5383014
  12.6299755  3.68789569  36.8666516
  12.3594991  3.5012314  35.9221946
  13.427469  3.13196414  37.1010536
  14.4184457  5.30986548  44.817873
  14.5054654  5.79827847  45.6861357
  14.6069386  5.93715018  44.0622379
  12.9956751  3.37223251  30.4498286
  12.9234733  3.37574265  31.4472126
  12.8714  2.44001925  30.1099255
  17.6073169  8.89080297  28.1313619
  17.7084068  8.69663862  29.1071083
  16.6705634  8.687627  27.8463837
  0.435637681  9.26175092  52.0227119
  1.36006922  9.60406789  51.8546481
 -0.231357096  9.90316958  51.643634
  20.0625351  0.515614571  51.9001687
  19.6156001 -0.274497011  51.4806776
  19.7742785  0.593834649  52.8545218
  11.585776  4.98950255  52.1160272
  11.2569415  5.16651261  51.1883767
  10.8157599  5.01665579  52.7534737
  11.4548468  12.763968  29.7903366
  10.636629  12.5281993  30.3146767
  12.2636678  12.4027582  30.2543798
  5.87785249  16.3261858  52.3552627
  6.87182278  16.4349259  52.3693593
  5.44317429  17.2204491  52.4617891
  20.0577074  14.8872346  36.0727377
  20.4796396  14.4721848  36.8787817
  20.6108993  15.6629788  35.7690939
  8.63895977  20.3461208  50.0125321
  8.69516443  19.4158025  49.6501113
  9.54817551  20.7623729  50.0047195
  19.3900677  22.2373314  30.9224524
  19.8130146  22.251429  31.8284971
  18.996087  21.3340542  30.7525423
  10.7457029  7.18299049  44.9261719
  11.1569062  7.66730236  44.1539324
  9.94613062  6.67158013  44.6113013
  12.2687056  0.0612678949  29.1682703
  12.3185034 -0.718881455  28.5446621
  12.617792 -0.206930808  30.0661612
  11.0517093  0.653857437  50.1356144
  10.4174725  1.42551316  50.0877483
  11.6784155  0.688723204  49.3571391
  10.6518185  11.1368044  37.9701609
  9.90706252  11.5487479  38.4951761
  11.2933496  11.8494094  37.6862031
  15.4057084  14.7870274  43.7855936
  16.0998572  14.9610928  43.0871249
  14.5289717  15.1625512  43.4850693
  20.2088998  17.1102767  44.6455898
  20.8171737  17.7390705  45.1299671
  19.5408853  16.7325217  45.2867277
  10.3710623  16.5630715  37.4007705
  10.8058758  17.431936  37.1641027
  9.50375506  16.4798092  36.9100103
  8.42196135  4.38833623  42.3902884
  8.09611129  4.1705855  43.3102918
  8.28339288  5.36202391  42.209371
  5.61507685  9.22191116  30.3702456
  6.57502198  9.48733911  30.459986
  5.5564217  8.32964723  29.9225574
  15.553287  9.98432399  30.0027701
  15.367934  10.7791506  29.4249337
  14.9643319  9.22549234  29.7247298
  12.5937165  1.65878894  52.054804
  11.8353607  1.05082236  51.8197017
  13.1510273  1.82633782  51.2415808
  8.39759116  13.8248468  49.595499
  8.26065925  14.1673968  48.6660319
  8.31470024  14.5807579  50.2449045
  0.803107791  2.60570232  49.6348255
  0.327952685  3.21157595  48.9967465
  1.67124474  2.31371596  49.233475
  3.23816875  5.02612946  43.8230703
  3.93892171  5.05753086  44.5357829
  2.61800506  4.26160285  43.9988431
  18.0455064  14.6854242  45.1255821
  17.9713419  14.810526  44.1362141
  17.9527906  15.5706739  45.5813636
  22.0550929  19.8398109  44.8734751
  21.3849146  20.5804994  44.9208202
  21.9411889  19.2363009  45.6626529
  11.584603  4.54971535  27.8711587
  10.6167725  4.36265708  27.702893
  11.9171166  3.95370702  28.6020546
  9.28982669  19.4003905  26.9285311
  8.40723772  19.0007808  27.1762181
  9.19991931  19.8984995  26.0660903
  13.9203111  17.0457093  51.1401356
  13.2876425  17.7367576  50.7905891
  14.2557684  16.4868803  50.3817304
  10.6978803  17.9308588  43.9699855
  10.7553543  18.7885011  43.4589605
  10.8556832  17.1622489  43.3500363
  18.3646417  6.38986116  30.7151017
  17.6913553  7.10692941  30.8953752
  18.3012708  6.10607214  29.7583113
  17.2101631  1.56731905  36.775936
  18.1417272  1.2228862  36.6595135
  17.1593051  2.50946957  36.4446267
  12.7230937  20.395092  35.4340173
  11.8439677  20.1558005  35.8461789
  12.8349993  21.3887868  35.4409286
  18.7193031  20.5585162  51.9568075
  19.2704602  19.7243845  51.9355882
  18.0124226  20.5089836  51.251211
  0.322472848  8.2016395  38.1150293
 -0.44961039  7.84578904  37.5884765
  0.0167733828  8.4360918  39.0378402
  3.46606152  0.563618951  50.2753733
  3.78568756 -0.27277898  49.8300894
  4.17897335  1.26285632  50.2222336
  6.92055088  20.7017589  52.2405444
  7.82633131  20.3486592  52.4748143
  6.99445706  21.6657034  51.9849099
  16.1689183  6.21069824  36.7057978
  15.2665637  5.8025381  36.844223
  16.6303051  5.75012652  35.947513
  9.78340999  10.6289518  35.5819971
  10.0594754  10.3262814  34.669759
  8.85139467  10.989547  35.5456848
  15.696476  12.2710734  42.8079495
  15.1197477  12.1409552  42.0014424
  15.5486824  13.1878465  43.1790077
  18.2668819  17.2097999  50.6755251
  18.7255319  16.3936523  50.3240379
  17.5682572  17.5060707  50.0242592
  4.35521962  1.08531649  44.7047267
  3.74129401  0.300924421  44.6162708
  3.81565758  1.92291378  44.7901876
  6.39899591  6.9534912  53.2064926
  5.47543613  7.25560721  53.442635
  6.42163649  5.95476983  53.1612928
  1.75805257  3.84321033  46.2893954
  2.08850029  4.53873137  45.651387
  1.92655436  4.14476671  47.2278361
  8.28144813  21.5016057  29.8273906
  8.09430792  22.1241281  29.067493
  8.67113942  22.0158901  30.5913619
  8.42818802  1.18205475  29.7686814
  8.50332104  2.11352356  30.1246602
  7.46439801  0.956042124  29.6271643
  6.05527022  16.7497115  37.6613459
  5.88982025  16.2123274  38.4882949
  6.5478933  16.191249  36.9939314
  3.6585702  22.0659374  43.487302
  3.78518164  22.0559388  44.479204
  3.94802018  21.1881988  43.1054728
  17.9224232  16.4364181  37.0918109
  18.0224609  15.5386639  36.6628238
  17.3817404  17.031545  36.4972639
  13.5201196  14.1219253  50.1974658
  12.689092  14.3924688  49.7114626
  13.6503252  13.1342307  50.1108294
  15.0543479  15.5171214  30.0564732
  15.1661008  16.4992047  29.9047379
  14.6294712  15.101799  29.252118
  0.953831525  21.5807503  48.579687
  0.990909219  21.7346276  47.5922929
  0.818658133  20.6065397  48.760357
  18.6742466  12.1840567  28.0842587
  17.7161756  11.9070009  28.1573337
  19.2046124  11.4440039  27.6706961
  3.46044002  8.43527502  27.7821985
  4.03416298  8.03863211  28.4987991
  4.0308251  8.96203333  27.151971
  16.1056227  20.7939971  53.1499957
  16.965386  21.2422837  53.3946305
  16.2168223  19.8022634  53.2140192
  14.1884806  1.47666254  26.8676721
  13.8316062  0.664365616  26.4063541
  13.5124117  1.81116126  27.5242097
